,179fece00002a,179fece00003a,179fece00004a,179fece00005a,179fece00006a,179fece00012a,179fece000132a,179fece00013a,179fece00014a,179fece00015a,179fece00016a,179fece00022a,179fece000232a,179fece00023a,179fece00024a,179fece00025a,179fece00026a,179fece00032a_1,179fece00032a_2,179fece000332a,179fece00033a,179fece00034a,179fece00035a,179fece00036a,179fece00042a,179fece000432a,179fece00043a,179fece00044a,179fece00045a,179fece00046a,179fece00052a,179fece000532a,179fece00053a,179fece00054a,179fece00055a,179fece00056a,179fece00062a,179fece000632a,179fece00063a,179fece00064a,179fece00065a,179fece00066a,179supA00011a,179supA00012a,179supA00013a,179supA00014a,179supA00015a,179supA00016a,179supA00021a,179supA00022a,179supA00023a,179supA00024a,179supA00025a,179supA00026a,179supA00031a,179supA00032a,179supA00033a,179supA00034a,179supA00035a,179supA00036a,179supA00041a,179supA00042a,179supA00043a,179supA00044a,179supA00045a,179supA00046a,179supA00051a,179supA00052a,179supA00053a,179supA00054a,179supA00055a,179supA00056a,179supA00061a,179supA00062a,179supA00063a,179supA00064a,179supA00065a,179supA00066a,179supB00007a,179supB00008a,179supB00009a,179supB00010a,179supB00011a,179supB00012a,179supB00017a,179supB00018a,179supB00019a,179supB00027a,179supB00028a,179supB00029a,179supB00037a,179supB00038a,179supB00039a,179supB00047a,179supB00048a,179supB00049a,179supB00057a,179supB00058a,179supB00059a,179supB00067a,179supB00068a,179supB00069a,179supB00110a,179supB00111a,179supB00112a,179supB00210a,179supB00211a,179supB00212a,179supB00310a,179supB00311a,179supB00312a,179supB00410a,179supB00411a,179supB00510a,179supB00511a,179supB00512a,179supB00610a,179supB00611a,179supB00612a,179supD00019a,179supD00020a,179supD00021a,179supD00022a,179supD00119a,179supD00120a,179supD00121a,179supD00122a,179supD00219a,179supD00220a,179supD00221a,179supD00222a,179supD00319a,179supD00320a,179supD00321a,179supD00322a,179supD00419a,179supD00420a,179supD00421a,179supD00422a,179supD00519a,179supD00520a,179supD00521a,179supD00522a,179supD00619a,179supD00620a,179supD00621a,179supD00622a,FF02556036,FF02556045,FF02556056,FF02556063,FF02556074,FF02556082
179fece00002a,0.0,0.6441281138790036,0.7464788732394366,0.6567164179104478,0.6836363636363636,0.5612903225806452,0.655367231638418,0.6686046511627907,0.7633928571428571,0.802547770700637,0.7474747474747475,0.7756410256410257,0.8012820512820513,0.8843537414965986,0.8263473053892215,0.8,0.7877094972067039,0.6381322957198443,0.8366013071895425,0.9583333333333334,0.9652777777777778,0.8823529411764706,0.8280254777070064,0.8263473053892215,0.965034965034965,0.84,0.94,0.8903225806451613,0.8589743589743589,0.852760736196319,0.9586206896551724,0.8543046357615894,0.9411764705882353,0.9032258064516129,0.8782051282051282,0.8597560975609756,0.965034965034965,0.8451612903225807,0.9271523178807947,0.9161290322580645,0.864516129032258,0.8536585365853658,0.8269230769230769,0.8636363636363636,0.84375,0.9215686274509803,0.8657718120805369,0.815028901734104,0.8741721854304636,0.8874172185430463,0.8940397350993378,0.9215686274509803,0.8918918918918919,0.8963414634146342,0.8874172185430463,0.9013157894736842,0.912751677852349,0.9215686274509803,0.8986486486486487,0.9113924050632911,0.9054054054054054,0.9066666666666666,0.9121621621621622,0.9144736842105263,0.9060402684563759,0.922077922077922,0.903448275862069,0.9066666666666666,0.9047619047619048,0.9205298013245033,0.9054054054054054,0.9285714285714286,0.9041095890410958,0.9066666666666666,0.8979591836734694,0.9337748344370861,0.9054054054054054,0.922077922077922,0.7008928571428571,0.6968085106382979,0.7192982456140351,0.7,0.7769230769230769,0.7968253968253968,0.7475728155339806,0.8129032258064516,0.7844311377245509,0.8536585365853658,0.8866666666666667,0.8620689655172413,0.8867924528301887,0.9178082191780822,0.951048951048951,0.8734177215189873,0.9655172413793104,0.9929577464788732,0.879746835443038,0.9652777777777778,0.993006993006993,0.8853503184713376,0.9652777777777778,0.9929577464788732,0.7678571428571429,0.7989130434782609,0.8034682080924855,0.85625,0.8292682926829268,0.9090909090909091,0.86875,0.8553459119496856,0.9795918367346939,0.8782051282051282,0.8773006134969326,0.8831168831168831,0.8827160493827161,0.993103448275862,0.993006993006993,0.8944099378881988,0.9862068965517241,0.654320987654321,0.6701570680628273,0.7197802197802198,0.7411167512690355,0.8309859154929577,0.7621951219512195,0.8258064516129032,0.8875,0.9166666666666666,0.9256756756756757,0.8775510204081632,0.9006211180124224,0.916083916083916,0.9391891891891891,0.891156462585034,0.9177215189873418,0.9375,0.9659863945578231,0.8979591836734694,0.9285714285714286,0.9440559440559441,0.9793103448275862,0.910958904109589,0.922077922077922,0.9444444444444444,0.9931506849315068,0.9115646258503401,0.922077922077922,0.7017543859649122,0.7413793103448276,0.7386363636363636,0.7241379310344828,0.768361581920904,0.7650273224043715
179fece00003a,0.6441281138790036,0.0,0.6829971181556196,0.6936619718309859,0.6461988304093568,0.7441860465116279,0.6049382716049383,0.6530612244897959,0.7315436241610739,0.8346774193548387,0.7624113475177305,0.8412698412698413,0.852589641434263,0.9094650205761317,0.8532818532818532,0.8326693227091634,0.8045112781954887,0.17408906882591094,0.8884462151394422,0.9628099173553719,0.9626556016597511,0.9032258064516129,0.86,0.8488372093023255,0.966804979253112,0.8955823293172691,0.943089430894309,0.9036144578313253,0.8795180722891566,0.8837209302325582,0.9586776859504132,0.8995983935742972,0.9308943089430894,0.916,0.896,0.888030888030888,0.966804979253112,0.8888888888888888,0.926530612244898,0.924,0.8875502008032129,0.8798449612403101,0.8548387096774194,0.900398406374502,0.8740157480314961,0.9402390438247012,0.9024390243902439,0.8452830188679246,0.902834008097166,0.9153225806451613,0.9193548387096774,0.936,0.9227642276422764,0.9027237354085603,0.9109311740890689,0.9236947791164659,0.9308943089430894,0.936,0.926829268292683,0.9209486166007905,0.9308943089430894,0.9314516129032258,0.9306122448979591,0.9317269076305221,0.9311740890688259,0.9362549800796812,0.9344262295081968,0.9314516129032258,0.9262295081967213,0.9397590361445783,0.9308943089430894,0.936,0.9346938775510204,0.9314516129032258,0.926530612244898,0.9435483870967742,0.9308943089430894,0.932,0.6529209621993127,0.7816901408450704,0.7786259541984732,0.6634304207119741,0.7147239263803681,0.6920980926430518,0.6897810218978102,0.8554216867469879,0.8125,0.8622047244094488,0.9016393442622951,0.9142857142857143,0.8968253968253969,0.9297520661157025,0.9628099173553719,0.8884462151394422,0.9628099173553719,0.9917355371900827,0.8924302788844621,0.9669421487603306,0.9917695473251029,0.896,0.9669421487603306,0.9917355371900827,0.8062015503875969,0.8074074074074075,0.846441947565543,0.8818897637795275,0.8599221789883269,0.9282868525896414,0.889763779527559,0.8814229249011858,0.9796747967479674,0.9047619047619048,0.890625,0.9123505976095617,0.8941176470588236,0.9877049180327869,0.9917695473251029,0.9015748031496063,0.9836065573770492,0.75390625,0.7230215827338129,0.7720588235294118,0.7535714285714286,0.9057377049180327,0.8125,0.868,0.91015625,0.9510204081632653,0.943089430894309,0.9142857142857143,0.9140625,0.9551020408163265,0.9554655870445344,0.9311740890688259,0.9291338582677166,0.963265306122449,0.9757085020242915,0.9352226720647774,0.9444444444444444,0.9714285714285714,0.9836734693877551,0.943089430894309,0.9404761904761905,0.9673469387755103,0.991869918699187,0.9433198380566802,0.9404761904761905,0.752895752895753,0.7924528301886793,0.7811320754716982,0.7576923076923077,0.7824427480916031,0.7888888888888889
179fece00004a,0.7464788732394366,0.6829971181556196,0.0,0.7509025270758123,0.6269592476489029,0.8087649402390438,0.8015267175572519,0.8132295719844358,0.5042372881355932,0.8765957446808511,0.7819548872180451,0.8781512605042017,0.885593220338983,0.9380530973451328,0.8326180257510729,0.8879668049792531,0.8599221789883269,0.7207207207207207,0.9098712446351931,0.9819819819819819,0.9864864864864865,0.9260869565217391,0.8936170212765957,0.8760330578512396,0.9864253393665159,0.9130434782608695,0.9692982456140351,0.9264069264069265,0.9098712446351931,0.9087136929460581,0.9774774774774775,0.9126637554585153,0.956140350877193,0.9162995594713657,0.9227467811158798,0.9087136929460581,0.9864253393665159,0.9102564102564102,0.9515418502202643,0.9344978165938864,0.9137931034482759,0.9,0.8931623931623932,0.9273504273504274,0.9033613445378151,0.9475982532751092,0.9301310043668122,0.8937007874015748,0.925764192139738,0.9391304347826087,0.948051948051948,0.9429824561403509,0.9473684210526315,0.9291666666666667,0.9344978165938864,0.948051948051948,0.9606986899563319,0.9429824561403509,0.9517543859649122,0.9446808510638298,0.9515418502202643,0.9473684210526315,0.9605263157894737,0.9383259911894273,0.9517543859649122,0.9478260869565217,0.9461883408071748,0.9473684210526315,0.9559471365638766,0.9424778761061947,0.9515418502202643,0.9521739130434783,0.9511111111111111,0.9473684210526315,0.9515418502202643,0.9513274336283186,0.9515418502202643,0.9478260869565217,0.7559322033898305,0.6951219512195121,0.8104838709677419,0.6712328767123288,0.695364238410596,0.7361111111111112,0.7898550724637681,0.8695652173913043,0.8565573770491803,0.895397489539749,0.9295154185022027,0.9192825112107623,0.9188034188034188,0.9411764705882353,0.9680365296803652,0.9098712446351931,0.9773755656108597,1.0,0.9141630901287554,0.9772727272727273,1.0,0.9134199134199135,0.9772727272727273,1.0,0.8448979591836735,0.8352941176470589,0.8634538152610441,0.8978723404255319,0.8879668049792531,0.9437229437229437,0.9063829787234042,0.902127659574468,0.9865470852017937,0.9134199134199135,0.902542372881356,0.9264069264069265,0.9063829787234042,0.995475113122172,1.0,0.9191489361702128,0.9954954954954955,0.775,0.735632183908046,0.7540322580645161,0.7441860465116279,0.9,0.8565573770491803,0.8974358974358975,0.9282700421940928,0.954954954954955,0.9647577092511013,0.9429824561403509,0.9324894514767933,0.9547511312217195,0.973568281938326,0.9517543859649122,0.948936170212766,0.9684684684684685,0.9911504424778761,0.956140350877193,0.9567099567099567,0.9728506787330317,0.9955156950672646,0.9601769911504425,0.9568965517241379,0.972972972972973,1.0,0.9557522123893806,0.9568965517241379,0.7935222672064778,0.8247011952191236,0.8221343873517787,0.7886178861788617,0.8145161290322581,0.8384615384615385
179fece00005a,0.6567164179104478,0.6936619718309859,0.7509025270758123,0.0,0.6865671641791045,0.7090909090909091,0.711864406779661,0.711764705882353,0.7638888888888888,0.6911764705882353,0.7340425531914894,0.8092105263157895,0.8278145695364238,0.8920863309352518,0.8658536585365854,0.7448275862068966,0.7751479289940828,0.6923076923076923,0.8571428571428571,0.9552238805970149,0.9626865671641791,0.9194630872483222,0.7916666666666666,0.8152866242038217,0.9701492537313433,0.8689655172413793,0.958041958041958,0.912751677852349,0.8251748251748252,0.8431372549019608,0.9632352941176471,0.8758620689655172,0.9370629370629371,0.918918918918919,0.8461538461538461,0.8431372549019608,0.9701492537313433,0.8657718120805369,0.9370629370629371,0.9324324324324325,0.8391608391608392,0.8366013071895425,0.8231292517006803,0.8620689655172413,0.8562091503267973,0.8928571428571429,0.8723404255319149,0.8109756097560976,0.8732394366197183,0.9027777777777778,0.9172413793103448,0.8928571428571429,0.9,0.875,0.8873239436619719,0.9172413793103448,0.9295774647887324,0.8928571428571429,0.9071428571428571,0.8979591836734694,0.9064748201438849,0.9154929577464789,0.9290780141843972,0.900709219858156,0.9071428571428571,0.9090909090909091,0.9044117647058824,0.9154929577464789,0.9214285714285714,0.8992805755395683,0.9064748201438849,0.9084507042253521,0.9130434782608695,0.9154929577464789,0.9142857142857143,0.9057971014492754,0.9064748201438849,0.9014084507042254,0.7511111111111111,0.7433155080213903,0.7018633540372671,0.6577777777777778,0.768,0.7901639344262295,0.7411167512690355,0.8,0.7467532467532467,0.8366013071895425,0.8785714285714286,0.8518518518518519,0.8716216216216216,0.9117647058823529,0.9393939393939394,0.8648648648648649,0.9629629629629629,0.9847328244274809,0.8716216216216216,0.9626865671641791,0.9848484848484849,0.8775510204081632,0.9626865671641791,0.9847328244274809,0.7610062893081762,0.807909604519774,0.7839506172839507,0.8389261744966443,0.8258064516129032,0.8794326241134752,0.8445945945945946,0.8533333333333334,0.9552238805970149,0.8541666666666666,0.8766233766233766,0.8591549295774648,0.8823529411764706,0.9774436090225563,0.9848484848484849,0.9019607843137255,0.9776119402985075,0.7080745341614907,0.6810810810810811,0.7541899441340782,0.7340425531914894,0.8529411764705882,0.7467532467532467,0.8609271523178808,0.88,0.9185185185185185,0.9280575539568345,0.9084507042253521,0.9084967320261438,0.9259259259259259,0.9424460431654677,0.9300699300699301,0.9266666666666666,0.9407407407407408,0.9710144927536232,0.9370629370629371,0.9383561643835616,0.9555555555555556,0.9777777777777777,0.9432624113475178,0.9387755102040817,0.9481481481481482,0.9851851851851852,0.9361702127659575,0.9387755102040817,0.7380952380952381,0.7485029940119761,0.7455621301775148,0.7305389221556886,0.7764705882352941,0.7514450867052023
179fece00006a,0.6836363636363636,0.6461988304093568,0.6269592476489029,0.6865671641791045,0.0,0.7551020408163265,0.754863813229572,0.7707509881422925,0.7132616487455197,0.8461538461538461,0.5897435897435898,0.8333333333333334,0.8504273504273504,0.9162995594713657,0.8368200836820083,0.8438818565400844,0.7383966244725738,0.6869300911854104,0.8841201716738197,0.9642857142857143,0.96875,0.9,0.8583690987124464,0.8017241379310345,0.968609865470852,0.8869565217391304,0.9336283185840708,0.8908296943231441,0.8841201716738197,0.8405172413793104,0.9598214285714286,0.8913043478260869,0.9203539823008849,0.8898678414096917,0.8922413793103449,0.8354978354978355,0.968609865470852,0.8798283261802575,0.9203539823008849,0.8986784140969163,0.8831168831168831,0.8209606986899564,0.8675213675213675,0.8922413793103449,0.8441558441558441,0.9166666666666666,0.8991228070175439,0.8333333333333334,0.8995633187772926,0.9082969432314411,0.8982300884955752,0.9166666666666666,0.9210526315789473,0.885593220338983,0.9082969432314411,0.922077922077922,0.9251101321585903,0.9166666666666666,0.9254385964912281,0.9145299145299145,0.9251101321585903,0.9304347826086956,0.9247787610619469,0.9213973799126638,0.9301310043668122,0.9310344827586207,0.9336283185840708,0.9304347826086956,0.92,0.920704845814978,0.9298245614035088,0.9307359307359307,0.9292035398230089,0.9304347826086956,0.9203539823008849,0.9295154185022027,0.9298245614035088,0.9264069264069265,0.7093425605536332,0.7125984251968503,0.7911646586345381,0.6734006734006734,0.6885245901639344,0.736986301369863,0.7072243346007605,0.8484848484848485,0.8174273858921162,0.8412017167381974,0.9030837004405287,0.9022222222222223,0.8739130434782608,0.9333333333333333,0.9596412556053812,0.8744588744588745,0.9688888888888889,0.9910313901345291,0.8787878787878788,0.9733333333333334,0.9865470852017937,0.8826086956521739,0.9733333333333334,0.9910313901345291,0.8155737704918032,0.788,0.8346774193548387,0.8675213675213675,0.8340425531914893,0.9224137931034483,0.871244635193133,0.8669527896995708,0.9824561403508771,0.8826086956521739,0.8818565400843882,0.8908296943231441,0.885593220338983,0.9911504424778761,0.9865470852017937,0.9029535864978903,0.9867256637168141,0.7951807228915663,0.7224334600760456,0.7598425196850394,0.6852589641434262,0.9026548672566371,0.8223140495867769,0.8620689655172413,0.8888888888888888,0.9515418502202643,0.9521739130434783,0.9118942731277533,0.8978723404255319,0.9466666666666667,0.9653679653679653,0.9254385964912281,0.9141630901287554,0.9601769911504425,0.9781659388646288,0.9298245614035088,0.9353448275862069,0.9644444444444444,0.9823008849557522,0.9429824561403509,0.9356223175965666,0.9646017699115044,0.9911894273127754,0.9385964912280702,0.9356223175965666,0.7540983606557377,0.7714285714285715,0.7642276422764228,0.7540983606557377,0.7603305785123967,0.7729083665338645
179fece00012a,0.5612903225806452,0.7441860465116279,0.8087649402390438,0.7090909090909091,0.7551020408163265,0.0,0.5748031496062992,0.5423728813559322,0.6904761904761905,0.6632653061224489,0.6159420289855072,0.5274725274725275,0.5555555555555556,0.7701149425287356,0.6504854368932039,0.6633663366336634,0.6324786324786325,0.7260869565217392,0.6404494382022472,0.9186046511627907,0.9425287356321839,0.7608695652173914,0.6770833333333334,0.6886792452830188,0.9418604651162791,0.6704545454545454,0.8539325842696629,0.7634408602150538,0.7127659574468085,0.7378640776699029,0.9069767441860465,0.6818181818181818,0.8461538461538461,0.7849462365591398,0.7446808510638298,0.7378640776699029,0.9418604651162791,0.6881720430107527,0.8202247191011236,0.8064516129032258,0.7340425531914894,0.7281553398058253,0.7010309278350515,0.7446808510638298,0.6666666666666666,0.8387096774193549,0.7692307692307693,0.6666666666666666,0.7444444444444445,0.7802197802197802,0.7640449438202247,0.8387096774193549,0.8111111111111111,0.76,0.7666666666666667,0.7912087912087912,0.8202247191011236,0.8387096774193549,0.8222222222222222,0.776595744680851,0.8068181818181818,0.8111111111111111,0.8181818181818182,0.8131868131868132,0.8222222222222222,0.8152173913043478,0.813953488372093,0.8111111111111111,0.7906976744186046,0.8351648351648352,0.8333333333333334,0.8260869565217391,0.8023255813953488,0.8111111111111111,0.7790697674418605,0.8571428571428571,0.8333333333333334,0.8152173913043478,0.7351351351351352,0.7712418300653595,0.6935483870967742,0.7560975609756098,0.8027522935779816,0.8205128205128205,0.6326530612244898,0.73,0.6605504587155964,0.6767676767676768,0.7640449438202247,0.7865168539325843,0.7096774193548387,0.8255813953488372,0.9058823529411765,0.6847826086956522,0.9186046511627907,0.9882352941176471,0.6956521739130435,0.9176470588235294,0.9883720930232558,0.7032967032967034,0.9176470588235294,0.9882352941176471,0.6363636363636364,0.688,0.717948717948718,0.7010309278350515,0.7142857142857143,0.8191489361702128,0.7346938775510204,0.7244897959183674,0.9550561797752809,0.7708333333333334,0.7647058823529411,0.776595744680851,0.7722772277227723,0.9770114942528736,0.9883720930232558,0.7777777777777778,0.9655172413793104,0.6239316239316239,0.668918918918919,0.6865671641791045,0.7756410256410257,0.7325581395348837,0.5825242718446602,0.6842105263157895,0.7395833333333334,0.8488372093023255,0.8666666666666667,0.7727272727272727,0.7878787878787878,0.8470588235294118,0.9010989010989011,0.8089887640449438,0.8247422680412371,0.8837209302325582,0.9444444444444444,0.8202247191011236,0.8387096774193549,0.8941176470588236,0.9659090909090909,0.8409090909090909,0.8404255319148937,0.8953488372093024,0.9887640449438202,0.8426966292134831,0.8404255319148937,0.6475409836065574,0.6611570247933884,0.6134453781512605,0.6363636363636364,0.712,0.7293233082706767
179fece000132a,0.655367231638418,0.6049382716049383,0.8015267175572519,0.711864406779661,0.754863813229572,0.5748031496062992,0.0,0.21904761904761905,0.7016574585635359,0.6727272727272727,0.6878980891719745,0.6929824561403509,0.7168141592920354,0.78,0.7479674796747967,0.7288135593220338,0.7132352941176471,0.5674418604651162,0.8070175438596491,0.9090909090909091,0.9081632653061225,0.8165137614678899,0.7652173913043478,0.7874015748031497,0.9183673469387755,0.8214285714285714,0.875,0.8288288288288288,0.7747747747747747,0.8306451612903226,0.898989898989899,0.8303571428571429,0.8679245283018868,0.8468468468468469,0.8018018018018018,0.8306451612903226,0.9183673469387755,0.8389830508474576,0.8571428571428571,0.8648648648648649,0.7927927927927928,0.832,0.7522123893805309,0.7798165137614679,0.7777777777777778,0.8818181818181818,0.8130841121495327,0.7557251908396947,0.8037383177570093,0.8440366972477065,0.8532110091743119,0.8818181818181818,0.8598130841121495,0.8220338983050848,0.822429906542056,0.8532110091743119,0.8679245283018868,0.8818181818181818,0.8691588785046729,0.8392857142857143,0.8571428571428571,0.8598130841121495,0.8666666666666667,0.8715596330275229,0.8796296296296297,0.8623853211009175,0.8640776699029126,0.8598130841121495,0.8557692307692307,0.8796296296296297,0.8785046728971962,0.8504672897196262,0.8653846153846154,0.8598130841121495,0.8571428571428571,0.8981481481481481,0.8785046728971962,0.8411214953271028,0.675531914893617,0.8197674418604651,0.7622377622377622,0.7614678899082569,0.8,0.7877697841726619,0.6415094339622641,0.7543859649122807,0.7322834645669292,0.7627118644067796,0.8317757009345794,0.8285714285714286,0.8260869565217391,0.8514851485148515,0.9090909090909091,0.8070175438596491,0.92,0.9797979797979798,0.8157894736842105,0.93,0.9696969696969697,0.8230088495575221,0.93,0.9797979797979798,0.7307692307692307,0.7655172413793103,0.7686567164179104,0.8050847457627118,0.7804878048780488,0.8545454545454545,0.8220338983050848,0.8034188034188035,0.9514563106796117,0.8333333333333334,0.8442622950819673,0.8495575221238938,0.8512396694214877,0.9702970297029703,0.98,0.8666666666666667,0.9603960396039604,0.6962962962962963,0.6993865030674846,0.7597402597402597,0.8228571428571428,0.7961165048543689,0.6583333333333333,0.7719298245614035,0.847457627118644,0.8823529411764706,0.8857142857142857,0.8504672897196262,0.875,0.8921568627450981,0.9047619047619048,0.8796296296296297,0.8879310344827587,0.9117647058823529,0.9523809523809523,0.8785046728971962,0.9017857142857143,0.9313725490196079,0.9607843137254902,0.8962264150943396,0.9026548672566371,0.9215686274509803,0.9805825242718447,0.897196261682243,0.9026548672566371,0.7050359712230215,0.7266187050359713,0.723404255319149,0.7323943661971831,0.75177304964539,0.7397260273972602
179fece00013a,0.6686046511627907,0.6530612244897959,0.8132295719844358,0.711764705882353,0.7707509881422925,0.5423728813559322,0.21904761904761905,0.0,0.7159090909090909,0.6568627450980392,0.6778523489932886,0.6666666666666666,0.6666666666666666,0.7444444444444445,0.75,0.6822429906542056,0.6612903225806451,0.6284403669724771,0.7669902912621359,0.9,0.898876404494382,0.8118811881188119,0.7211538461538461,0.7391304347826086,0.9101123595505618,0.7821782178217822,0.851063829787234,0.8137254901960784,0.73,0.7747747747747747,0.8888888888888888,0.7920792079207921,0.8673469387755102,0.8557692307692307,0.76,0.7857142857142857,0.9101123595505618,0.8037383177570093,0.84375,0.8640776699029126,0.75,0.7876106194690266,0.7184466019417476,0.7474747474747475,0.7358490566037735,0.86,0.7835051546391752,0.7166666666666667,0.7604166666666666,0.8061224489795918,0.8282828282828283,0.86,0.8350515463917526,0.7850467289719626,0.78125,0.8163265306122449,0.84375,0.86,0.845360824742268,0.801980198019802,0.8191489361702128,0.8229166666666666,0.8421052631578947,0.8484848484848485,0.8571428571428571,0.826530612244898,0.8260869565217391,0.8229166666666666,0.8421052631578947,0.8686868686868687,0.8556701030927835,0.8247422680412371,0.8279569892473119,0.8229166666666666,0.84375,0.8775510204081632,0.8556701030927835,0.8144329896907216,0.7096774193548387,0.8170731707317073,0.7368421052631579,0.7630331753554502,0.7863636363636364,0.8115942028985508,0.62,0.7452830188679245,0.7008547008547008,0.7431192660550459,0.8163265306122449,0.8125,0.7884615384615384,0.8369565217391305,0.9,0.7788461538461539,0.9120879120879121,0.9777777777777777,0.7884615384615384,0.9230769230769231,0.978021978021978,0.7961165048543689,0.9230769230769231,0.9777777777777777,0.6890756302521008,0.7313432835820896,0.752,0.7663551401869159,0.7522123893805309,0.8415841584158416,0.7850467289719626,0.7870370370370371,0.9468085106382979,0.7961165048543689,0.831858407079646,0.8137254901960784,0.8392857142857143,0.967391304347826,0.9666666666666667,0.8454545454545455,0.9565217391304348,0.6746031746031746,0.6987179487179487,0.7448275862068966,0.7914110429447853,0.7634408602150538,0.6428571428571429,0.7156862745098039,0.8130841121495327,0.8586956521739131,0.875,0.8125,0.8440366972477065,0.8695652173913043,0.8958333333333334,0.845360824742268,0.8679245283018868,0.8913043478260869,0.9479166666666666,0.84375,0.8932038834951457,0.9130434782608695,0.956989247311828,0.8631578947368421,0.8942307692307693,0.9021739130434783,0.9787234042553191,0.8762886597938144,0.8942307692307693,0.6846153846153846,0.7076923076923077,0.6946564885496184,0.7142857142857143,0.7153846153846154,0.7318840579710145
179fece00014a,0.7633928571428571,0.7315436241610739,0.5042372881355932,0.7638888888888888,0.7132616487455197,0.6904761904761905,0.7016574585635359,0.7159090909090909,0.0,0.7666666666666667,0.6968085106382979,0.7631578947368421,0.7651006711409396,0.8581560283687943,0.6408450704225352,0.7647058823529411,0.7485380116959064,0.7195571955719557,0.8095238095238095,0.9424460431654677,0.9496402877697842,0.7913669064748201,0.785234899328859,0.7784810126582279,0.9568345323741008,0.8287671232876712,0.8936170212765957,0.7928571428571428,0.8175675675675675,0.8205128205128205,0.935251798561151,0.8356164383561644,0.8723404255319149,0.8071428571428572,0.8378378378378378,0.8280254777070064,0.9568345323741008,0.8187919463087249,0.8642857142857143,0.8297872340425532,0.8231292517006803,0.821656050955414,0.8,0.8378378378378378,0.7866666666666666,0.8904109589041096,0.8472222222222222,0.7904191616766467,0.8402777777777778,0.8541666666666666,0.8689655172413793,0.8827586206896552,0.8661971830985915,0.8516129032258064,0.8541666666666666,0.8611111111111112,0.8881118881118881,0.8827586206896552,0.8732394366197183,0.8733333333333333,0.8802816901408451,0.8819444444444444,0.8873239436619719,0.875,0.8732394366197183,0.8986486486486487,0.8857142857142857,0.8819444444444444,0.8714285714285714,0.8811188811188811,0.8802816901408451,0.8979591836734694,0.8785714285714286,0.8819444444444444,0.8642857142857143,0.8951048951048951,0.8802816901408451,0.891156462585034,0.7586206896551724,0.7653061224489796,0.8066298342541437,0.7178423236514523,0.7349397590361446,0.810126582278481,0.6923076923076923,0.8169934640522876,0.7804878048780488,0.7828947368421053,0.8531468531468531,0.8671328671328671,0.8163265306122449,0.8848920863309353,0.9347826086956522,0.8013698630136986,0.9347826086956522,0.9855072463768116,0.8082191780821918,0.9343065693430657,0.9856115107913669,0.8137931034482758,0.9343065693430657,0.9855072463768116,0.7560975609756098,0.7023809523809523,0.7560975609756098,0.8157894736842105,0.8113207547169812,0.8620689655172413,0.8133333333333334,0.8145695364238411,0.9574468085106383,0.8299319727891157,0.8235294117647058,0.8424657534246576,0.8289473684210527,0.9712230215827338,0.9856115107913669,0.8333333333333334,0.9640287769784173,0.764367816091954,0.7696078431372549,0.7431693989071039,0.75,0.852112676056338,0.75,0.8066666666666666,0.825503355704698,0.9148936170212766,0.8936170212765957,0.8671328671328671,0.847682119205298,0.9219858156028369,0.9154929577464789,0.8811188811188811,0.8648648648648649,0.9285714285714286,0.9507042253521126,0.8802816901408451,0.8904109589041096,0.9428571428571428,0.9642857142857143,0.8936170212765957,0.8835616438356164,0.9357142857142857,0.9787234042553191,0.9020979020979021,0.8835616438356164,0.7485714285714286,0.7368421052631579,0.7341040462427746,0.7556818181818182,0.764367816091954,0.7814207650273224
179fece00015a,0.802547770700637,0.8346774193548387,0.8765957446808511,0.6911764705882353,0.8461538461538461,0.6632653061224489,0.6727272727272727,0.6568627450980392,0.7666666666666667,0.0,0.6890756302521008,0.5857142857142857,0.6029411764705882,0.6666666666666666,0.7317073170731707,0.5074626865671642,0.6559139784946236,0.821917808219178,0.65625,0.84,0.86,0.803030303030303,0.5625,0.7,0.88,0.6774193548387096,0.8448275862068966,0.8059701492537313,0.6129032258064516,0.75,0.8431372549019608,0.6935483870967742,0.8333333333333334,0.8181818181818182,0.639344262295082,0.7333333333333333,0.88,0.7205882352941176,0.7931034482758621,0.8484848484848485,0.6229508196721312,0.72,0.6617647058823529,0.7230769230769231,0.726027397260274,0.8032786885245902,0.7580645161290323,0.7011494252873564,0.7213114754098361,0.7540983606557377,0.828125,0.8032786885245902,0.819672131147541,0.7464788732394366,0.7540983606557377,0.7903225806451613,0.8333333333333334,0.8032786885245902,0.8360655737704918,0.7692307692307693,0.7931034482758621,0.7796610169491526,0.8305084745762712,0.8032786885245902,0.8166666666666667,0.7868852459016393,0.7818181818181819,0.7796610169491526,0.8103448275862069,0.8166666666666667,0.8333333333333334,0.7627118644067796,0.8070175438596491,0.7796610169491526,0.8135593220338984,0.8305084745762712,0.8333333333333334,0.7457627118644068,0.8224852071005917,0.823076923076923,0.7669902912621359,0.8172043010752689,0.841025641025641,0.8832684824902723,0.7230769230769231,0.7567567567567568,0.6463414634146342,0.6666666666666666,0.7903225806451613,0.6964285714285714,0.6923076923076923,0.7777777777777778,0.84,0.696969696969697,0.8846153846153846,0.9591836734693877,0.7121212121212122,0.9038461538461539,0.96,0.7230769230769231,0.9038461538461539,0.9591836734693877,0.6931818181818182,0.7475728155339806,0.7362637362637363,0.6811594202898551,0.7341772151898734,0.7333333333333333,0.6911764705882353,0.7323943661971831,0.8846153846153846,0.7230769230769231,0.7866666666666666,0.7301587301587301,0.7808219178082192,0.9411764705882353,0.96,0.7887323943661971,0.9423076923076923,0.7272727272727273,0.7819548872180451,0.8151260504201681,0.8091603053435115,0.7017543859649122,0.6626506024096386,0.75,0.7714285714285715,0.7924528301886793,0.8245614035087719,0.7833333333333333,0.8194444444444444,0.8113207547169812,0.8596491228070176,0.8548387096774194,0.8208955223880597,0.8269230769230769,0.9090909090909091,0.8524590163934426,0.859375,0.8653846153846154,0.9433962264150944,0.864406779661017,0.84375,0.8461538461538461,0.9622641509433962,0.8666666666666667,0.84375,0.7128712871287128,0.7171717171717171,0.7128712871287128,0.7378640776699029,0.822429906542056,0.7927927927927928
179fece00016a,0.7474747474747475,0.7624113475177305,0.7819548872180451,0.7340425531914894,0.5897435897435898,0.6159420289855072,0.6878980891719745,0.6778523489932886,0.6968085106382979,0.6890756302521008,0.0,0.652542372881356,0.6637931034482759,0.8108108108108109,0.7086614173228346,0.72,0.4583333333333333,0.7674418604651163,0.7192982456140351,0.9074074074074074,0.926605504587156,0.8220338983050848,0.7226890756302521,0.6101694915254238,0.9259259259259259,0.7433628318584071,0.8558558558558559,0.8135593220338984,0.7413793103448276,0.6521739130434783,0.8981481481481481,0.7522123893805309,0.8392857142857143,0.8305084745762712,0.7565217391304347,0.6521739130434783,0.9259259259259259,0.7435897435897436,0.8392857142857143,0.8275862068965517,0.7478260869565218,0.6666666666666666,0.7622950819672131,0.7983193277310925,0.6810344827586207,0.8230088495575221,0.7767857142857143,0.6793893129770993,0.7894736842105263,0.8173913043478261,0.7837837837837838,0.8333333333333334,0.8214285714285714,0.768595041322314,0.8070175438596491,0.8461538461538461,0.8392857142857143,0.8333333333333334,0.8303571428571429,0.8135593220338984,0.8392857142857143,0.8521739130434782,0.8378378378378378,0.8333333333333334,0.8303571428571429,0.8347826086956521,0.8348623853211009,0.8521739130434782,0.8272727272727273,0.8303571428571429,0.8392857142857143,0.8434782608695652,0.8363636363636363,0.8521739130434782,0.8288288288288288,0.8584070796460177,0.8392857142857143,0.8347826086956521,0.7783018867924528,0.7396449704142012,0.7449664429530202,0.7719298245614035,0.7829787234042553,0.8277027027027027,0.6627218934911243,0.743801652892562,0.6946564885496184,0.7107438016528925,0.8053097345132744,0.8018018018018018,0.75,0.8440366972477065,0.9174311926605505,0.7413793103448276,0.9174311926605505,0.981651376146789,0.75,0.926605504587156,0.9724770642201835,0.7672413793103449,0.926605504587156,0.981651376146789,0.7318840579710145,0.722972972972973,0.7762237762237763,0.7310924369747899,0.75,0.8376068376068376,0.7372881355932204,0.7903225806451613,0.9557522123893806,0.788135593220339,0.8015873015873016,0.7931034482758621,0.808,0.972972972972973,0.9724770642201835,0.8130081300813008,0.963963963963964,0.7346938775510204,0.7597765363128491,0.7515527950310559,0.7514450867052023,0.8245614035087719,0.7238805970149254,0.7704918032786885,0.7413793103448276,0.8828828828828829,0.9051724137931034,0.8333333333333334,0.7606837606837606,0.8818181818181818,0.9316239316239316,0.8608695652173913,0.7913043478260869,0.9,0.9655172413793104,0.8695652173913043,0.8333333333333334,0.9181818181818182,0.9734513274336283,0.8859649122807017,0.8347826086956521,0.9090909090909091,0.9823008849557522,0.8672566371681416,0.8347826086956521,0.7248322147651006,0.7278911564625851,0.6428571428571429,0.6986301369863014,0.726027397260274,0.7483870967741936
179fece00022a,0.7756410256410257,0.8412698412698413,0.8781512605042017,0.8092105263157895,0.8333333333333334,0.5274725274725275,0.6929824561403509,0.6666666666666666,0.7631578947368421,0.5857142857142857,0.652542372881356,0.0,0.1509433962264151,0.5294117647058824,0.6103896103896104,0.6266666666666667,0.5777777777777777,0.84,0.32075471698113206,0.803921568627451,0.8235294117647058,0.6774193548387096,0.6231884057971014,0.5733333333333334,0.8431372549019608,0.39622641509433965,0.7272727272727273,0.6825396825396826,0.5873015873015873,0.6197183098591549,0.8076923076923077,0.4444444444444444,0.7192982456140351,0.7142857142857143,0.65625,0.6575342465753424,0.8431372549019608,0.5,0.6964285714285714,0.7049180327868853,0.640625,0.6438356164383562,0.5970149253731343,0.6349206349206349,0.5,0.7741935483870968,0.6440677966101694,0.6190476190476191,0.6271186440677966,0.6610169491525424,0.631578947368421,0.7741935483870968,0.7068965517241379,0.6268656716417911,0.6610169491525424,0.7,0.6964285714285714,0.7741935483870968,0.7241379310344828,0.6612903225806451,0.7192982456140351,0.7288135593220338,0.6909090909090909,0.7333333333333333,0.7241379310344828,0.7166666666666667,0.7037037037037037,0.7288135593220338,0.6666666666666666,0.7457627118644068,0.7413793103448276,0.7333333333333333,0.7090909090909091,0.7288135593220338,0.6727272727272727,0.8,0.7413793103448276,0.7166666666666667,0.8522727272727273,0.8091603053435115,0.8181818181818182,0.8564102564102564,0.8774509803921569,0.9097744360902256,0.7196969696969697,0.6619718309859155,0.6896551724137931,0.5223880597014925,0.6779661016949152,0.6666666666666666,0.6031746031746031,0.6730769230769231,0.8490566037735849,0.5645161290322581,0.803921568627451,0.9615384615384616,0.5806451612903226,0.8235294117647058,0.9423076923076923,0.6129032258064516,0.8235294117647058,0.9615384615384616,0.6741573033707865,0.7058823529411765,0.7578947368421053,0.5970149253731343,0.6447368421052632,0.7846153846153846,0.6470588235294118,0.6521739130434783,0.9107142857142857,0.676923076923077,0.676056338028169,0.6825396825396826,0.6857142857142857,0.9444444444444444,0.9622641509433962,0.6911764705882353,0.9259259259259259,0.7475728155339806,0.8129496402877698,0.7692307692307693,0.7954545454545454,0.7166666666666667,0.6097560975609756,0.6119402985074627,0.6515151515151515,0.7818181818181819,0.7931034482758621,0.6181818181818182,0.6666666666666666,0.7777777777777778,0.8275862068965517,0.7017543859649122,0.71875,0.7924528301886793,0.8947368421052632,0.7192982456140351,0.7333333333333333,0.8301886792452831,0.9272727272727272,0.75,0.7377049180327869,0.8113207547169812,0.9642857142857143,0.7321428571428571,0.7377049180327869,0.7211538461538461,0.7,0.6565656565656566,0.7452830188679245,0.8055555555555556,0.7767857142857143
179fece000232a,0.8012820512820513,0.852589641434263,0.885593220338983,0.8278145695364238,0.8504273504273504,0.5555555555555556,0.7168141592920354,0.6666666666666666,0.7651006711409396,0.6029411764705882,0.6637931034482759,0.1509433962264151,0.0,0.5208333333333334,0.589041095890411,0.6056338028169014,0.5747126436781609,0.8526785714285714,0.2653061224489796,0.7872340425531915,0.8085106382978723,0.631578947368421,0.6,0.5694444444444444,0.8297872340425532,0.3469387755102041,0.68,0.6379310344827587,0.559322033898305,0.5757575757575758,0.7659574468085106,0.3673469387755102,0.6981132075471698,0.6724137931034483,0.6333333333333333,0.6376811594202898,0.8297872340425532,0.43636363636363634,0.6470588235294118,0.6842105263157895,0.6166666666666667,0.6231884057971014,0.59375,0.6101694915254238,0.5161290322580645,0.7368421052631579,0.6428571428571429,0.5822784810126582,0.625,0.6363636363636364,0.6296296296296297,0.7368421052631579,0.6851851851851852,0.6031746031746031,0.6363636363636364,0.6785714285714286,0.6981132075471698,0.7368421052631579,0.7037037037037037,0.6140350877192983,0.7222222222222222,0.7090909090909091,0.6923076923076923,0.6909090909090909,0.7037037037037037,0.6727272727272727,0.7058823529411765,0.7090909090909091,0.6666666666666666,0.7272727272727273,0.7222222222222222,0.7142857142857143,0.7115384615384616,0.7090909090909091,0.6730769230769231,0.7636363636363637,0.7222222222222222,0.6964285714285714,0.8620689655172413,0.8125,0.8113207547169812,0.8711340206185567,0.875,0.9125475285171103,0.7007874015748031,0.6617647058823529,0.6746987951807228,0.49206349206349204,0.6296296296296297,0.6153846153846154,0.576271186440678,0.6170212765957447,0.8125,0.5344827586206896,0.7872340425531915,0.9583333333333334,0.5517241379310345,0.8085106382978723,0.9591836734693877,0.5862068965517241,0.8085106382978723,0.9583333333333334,0.6588235294117647,0.6804123711340206,0.7608695652173914,0.5483870967741935,0.625,0.7704918032786885,0.6031746031746031,0.6307692307692307,0.9038461538461539,0.6333333333333333,0.6363636363636364,0.6379310344827587,0.6666666666666666,0.94,0.9591836734693877,0.6507936507936508,0.92,0.75,0.8161764705882353,0.75,0.7795275590551181,0.6964285714285714,0.5897435897435898,0.5409836065573771,0.5833333333333334,0.7884615384615384,0.8,0.56,0.6229508196721312,0.7843137254901961,0.8363636363636363,0.6538461538461539,0.6779661016949152,0.7755102040816326,0.8867924528301887,0.6730769230769231,0.6909090909090909,0.8163265306122449,0.9215686274509803,0.7058823529411765,0.6964285714285714,0.7959183673469388,0.9615384615384616,0.7115384615384616,0.6964285714285714,0.71,0.7010309278350515,0.6276595744680851,0.7227722772277227,0.7980769230769231,0.7570093457943925
