,179BR2A00001,179BR2A00003,179BR2A00007,179BR2A00011,179BR2B00001,179BR2B00003,179BR2B00007,179BR2B00011,179BR2C00001,179BR2C00003,179BR2C00007,179BR2C00011,179BR2D00001,179BR2D00003,179BR2D00007,179BR2D00011,179BR2E00001,179BR2E00003,179BR2E00007,179BR2E00011,179BR2F00001,179BR2F00003,179BR2F00007,179BR2F00011,179BR3A00001,179BR3A00003,179BR3A00007,179BR3A00011,179BR3B00001,179BR3B00003,179BR3B00007,179BR3B00011,179BR3C00001,179BR3C00003,179BR3C00007,179BR3C00011,179BR3D00001,179BR3D00003,179BR3D00007,179BR3D00011,179BR3E00001,179BR3E00003,179BR3E00007,179BR3E00011,179BR3F00001,179BR3F00003,179BR3F00007,179BR3F00011
179BR2A00001,0.0,0.7048611111111112,0.7191780821917808,0.7474747474747475,0.7076023391812866,0.8316498316498316,0.8282828282828283,0.8175675675675675,0.7347560975609756,0.8245033112582781,0.8372093023255814,0.8311258278145696,0.6428571428571429,0.8106312292358804,0.7947019867549668,0.7901639344262295,0.605080831408776,0.8,0.8099688473520249,0.8130841121495327,0.593186372745491,0.7817589576547231,0.7679738562091504,0.7806451612903226,0.6246246246246246,0.777027027027027,0.7662337662337663,0.7612903225806451,0.5561797752808989,0.7189542483660131,0.7346278317152104,0.7377049180327869,0.6869806094182825,0.83,0.8160535117056856,0.8366666666666667,0.6906906906906907,0.8178807947019867,0.7868852459016393,0.7960526315789473,0.6601307189542484,0.7817589576547231,0.8071895424836601,0.8169934640522876,0.592797783933518,0.7645161290322581,0.7741935483870968,0.792332268370607
179BR2A00003,0.7048611111111112,0.0,0.19387755102040816,0.3490566037735849,0.7172774869109948,0.5849056603773585,0.5480769230769231,0.5145631067961165,0.6867469879518072,0.5504587155963303,0.5833333333333334,0.5945945945945946,0.7751937984496124,0.5229357798165137,0.4818181818181818,0.49122807017543857,0.7958579881656804,0.6044776119402985,0.5877862595419847,0.5736434108527132,0.8283062645011601,0.5491803278688525,0.512396694214876,0.5403225806451613,0.695,0.5,0.536,0.5275590551181102,0.732,0.5661764705882353,0.5735294117647058,0.5648854961832062,0.7235023041474654,0.6371681415929203,0.5982142857142857,0.6306306306306306,0.6868131868131868,0.5964912280701754,0.5338983050847458,0.5431034482758621,0.66875,0.5952380952380952,0.6115702479338843,0.625,0.7408906882591093,0.6015037593984962,0.5813953488372093,0.5968992248062015
179BR2A00007,0.7191780821917808,0.19387755102040816,0.0,0.18556701030927836,0.71875,0.5887850467289719,0.5660377358490566,0.5192307692307693,0.6964285714285714,0.5675675675675675,0.5607476635514018,0.5596330275229358,0.7900763358778626,0.5535714285714286,0.4864864864864865,0.4824561403508772,0.8070175438596491,0.6176470588235294,0.6015037593984962,0.5658914728682171,0.8367816091954023,0.5528455284552846,0.5403225806451613,0.544,0.7093596059113301,0.4909090909090909,0.5040650406504065,0.4838709677419355,0.7430830039525692,0.5588235294117647,0.5338345864661654,0.5118110236220472,0.7363636363636363,0.6403508771929824,0.5636363636363636,0.5963302752293578,0.7027027027027027,0.6120689655172413,0.5128205128205128,0.5217391304347826,0.718562874251497,0.6412213740458015,0.6370967741935484,0.639344262295082,0.7619047619047619,0.625,0.5954198473282443,0.6106870229007634
179BR2A00011,0.7474747474747475,0.3490566037735849,0.18556701030927836,0.0,0.7225130890052356,0.6074766355140186,0.5714285714285714,0.5242718446601942,0.7005988023952096,0.5855855855855856,0.5794392523364486,0.5648148148148148,0.8022813688212928,0.584070796460177,0.4909090909090909,0.48672566371681414,0.8231884057971014,0.6119402985074627,0.5954198473282443,0.5590551181102362,0.8519362186788155,0.5806451612903226,0.5206611570247934,0.5,0.7192118226600985,0.5225225225225225,0.5081967213114754,0.4628099173553719,0.7509881422924901,0.562962962962963,0.5378787878787878,0.5158730158730159,0.7454545454545455,0.6578947368421053,0.5818181818181818,0.6018518518518519,0.7065217391304348,0.6052631578947368,0.5172413793103449,0.5263157894736842,0.7228915662650602,0.6141732283464567,0.5966386554621849,0.5982905982905983,0.7747035573122529,0.6296296296296297,0.6,0.6153846153846154
179BR2B00001,0.7076023391812866,0.7172774869109948,0.71875,0.7225130890052356,0.0,0.6727272727272727,0.6419753086419753,0.6545454545454545,0.6201923076923077,0.7175141242937854,0.7314285714285714,0.7359550561797753,0.6631944444444444,0.7292817679558011,0.717391304347826,0.7112299465240641,0.6850828729281768,0.7389162561576355,0.7425742574257426,0.7222222222222222,0.7864693446088795,0.7638190954773869,0.7487437185929648,0.75,0.5714285714285714,0.7,0.6875,0.6735751295336787,0.5488721804511278,0.6391752577319587,0.6443298969072165,0.6402116402116402,0.6377952755905512,0.7814207650273224,0.7650273224043715,0.7923497267759563,0.6666666666666666,0.7486338797814208,0.7127659574468085,0.7135135135135136,0.6507177033492823,0.7384615384615385,0.7393617021276596,0.7553191489361702,0.7540983606557377,0.75,0.7524752475247525,0.7684729064039408
179BR2B00003,0.8316498316498316,0.5849056603773585,0.5887850467289719,0.6074766355140186,0.6727272727272727,0.0,0.2876712328767123,0.3717948717948718,0.684931506849315,0.5168539325842697,0.5568181818181818,0.5714285714285714,0.7966804979253111,0.5164835164835165,0.53125,0.5544554455445545,0.8419452887537994,0.5752212389380531,0.5803571428571429,0.5636363636363636,0.888631090487239,0.6272727272727273,0.625,0.6521739130434783,0.7158469945355191,0.4725274725274725,0.5327102803738317,0.5363636363636364,0.7669491525423728,0.5175438596491229,0.5641025641025641,0.5405405405405406,0.7386934673366834,0.5777777777777777,0.5760869565217391,0.6153846153846154,0.7012195121951219,0.5434782608695652,0.5445544554455446,0.5257731958762887,0.6830985915492958,0.5887850467289719,0.5656565656565656,0.5816326530612245,0.8174273858921162,0.6206896551724138,0.6106194690265486,0.6036036036036037
179BR2B00007,0.8282828282828283,0.5480769230769231,0.5660377358490566,0.5714285714285714,0.6419753086419753,0.2876712328767123,0.0,0.11764705882352941,0.6870748299319728,0.48863636363636365,0.5116279069767442,0.5280898876404494,0.8024691358024691,0.5217391304347826,0.4731182795698925,0.4845360824742268,0.8389057750759878,0.5789473684210527,0.5714285714285714,0.5,0.8888888888888888,0.6548672566371682,0.6160714285714286,0.6434782608695652,0.717391304347826,0.4946236559139785,0.5094339622641509,0.5,0.7574468085106383,0.5217391304347826,0.5175438596491229,0.5045871559633027,0.74,0.5666666666666667,0.5652173913043478,0.6043956043956044,0.718562874251497,0.5638297872340425,0.5050505050505051,0.4842105263157895,0.7034482758620689,0.6055045871559633,0.57,0.5714285714285714,0.8132780082987552,0.635593220338983,0.6260869565217392,0.631578947368421
179BR2B00011,0.8175675675675675,0.5145631067961165,0.5192307692307693,0.5242718446601942,0.6545454545454545,0.3717948717948718,0.11764705882352941,0.0,0.6912751677852349,0.5,0.4883720930232558,0.5056179775280899,0.7991803278688525,0.5,0.43478260869565216,0.4479166666666667,0.8433734939759037,0.5862068965517241,0.591304347826087,0.5092592592592593,0.8842592592592593,0.6491228070175439,0.6106194690265486,0.6260869565217392,0.7204301075268817,0.5052631578947369,0.5046728971962616,0.48148148148148145,0.759493670886076,0.5299145299145299,0.5258620689655172,0.5135135135135135,0.7487684729064039,0.5913978494623656,0.5274725274725275,0.5978260869565217,0.7218934911242604,0.5729166666666666,0.5,0.4948453608247423,0.7248322147651006,0.6126126126126126,0.5784313725490197,0.5656565656565656,0.8099173553719008,0.6302521008403361,0.6206896551724138,0.6260869565217392
179BR2C00001,0.7347560975609756,0.6867469879518072,0.6964285714285714,0.7005988023952096,0.6201923076923077,0.684931506849315,0.6870748299319728,0.6912751677852349,0.0,0.5401459854014599,0.6071428571428571,0.5957446808510638,0.6335877862595419,0.6903225806451613,0.7018633540372671,0.6951219512195121,0.7171428571428572,0.6914285714285714,0.7247191011235955,0.7159090909090909,0.8056768558951966,0.7267441860465116,0.7017543859649122,0.7183908045977011,0.5972222222222222,0.62,0.6526946107784432,0.6686046511627907,0.6604477611940298,0.630057803468208,0.6436781609195402,0.6390532544378699,0.6872427983539094,0.7672955974842768,0.7161290322580646,0.7643312101910829,0.6019900497512438,0.6710526315789473,0.6728395061728395,0.6729559748427673,0.6216216216216216,0.6646341463414634,0.6708860759493671,0.70625,0.7347670250896058,0.711864406779661,0.7142857142857143,0.7329545454545454
179BR2C00003,0.8245033112582781,0.5504587155963303,0.5675675675675675,0.5855855855855856,0.7175141242937854,0.5168539325842697,0.48863636363636365,0.5,0.5401459854014599,0.0,0.17567567567567569,0.23076923076923078,0.7786885245901639,0.5104166666666666,0.5392156862745098,0.5333333333333333,0.8388059701492537,0.5555555555555556,0.6083333333333333,0.5689655172413793,0.8778801843317973,0.6410256410256411,0.6153846153846154,0.6302521008403361,0.7210526315789474,0.41935483870967744,0.5,0.5175438596491229,0.7695473251028807,0.5609756097560976,0.5691056910569106,0.5714285714285714,0.7548076923076923,0.6122448979591837,0.5212765957446809,0.6041666666666666,0.7151162790697675,0.5510204081632653,0.5377358490566038,0.5196078431372549,0.7086092715231788,0.5929203539823009,0.5849056603773585,0.6261682242990654,0.8089430894308943,0.6451612903225806,0.6475409836065574,0.6416666666666667
179BR2C00007,0.8372093023255814,0.5833333333333334,0.5607476635514018,0.5794392523364486,0.7314285714285714,0.5568181818181818,0.5116279069767442,0.4883720930232558,0.6071428571428571,0.17567567567567569,0.0,0.07246376811594203,0.7991803278688525,0.4835164835164835,0.4842105263157895,0.494949494949495,0.8537313432835821,0.5486725663716814,0.591304347826087,0.5495495495495496,0.8919540229885058,0.6608695652173913,0.646551724137931,0.6260869565217392,0.7473684210526316,0.4731182795698925,0.5321100917431193,0.5357142857142857,0.7851239669421488,0.5785123966942148,0.575,0.5652173913043478,0.7904761904761904,0.6354166666666666,0.5274725274725275,0.5978260869565217,0.7441860465116279,0.5876288659793815,0.5576923076923077,0.54,0.75,0.625,0.6057692307692307,0.6078431372549019,0.8244897959183674,0.6639344262295082,0.6554621848739496,0.6379310344827587
179BR2C00011,0.8311258278145696,0.5945945945945946,0.5596330275229358,0.5648148148148148,0.7359550561797753,0.5714285714285714,0.5280898876404494,0.5056179775280899,0.5957446808510638,0.23076923076923078,0.07246376811594203,0.0,0.7967479674796748,0.5,0.46875,0.48,0.8516320474777448,0.5478260869565217,0.5775862068965517,0.5357142857142857,0.8850574712643678,0.646551724137931,0.6324786324786325,0.6,0.7382198952879581,0.47368421052631576,0.5315315315315315,0.5221238938053098,0.7777777777777778,0.5772357723577236,0.5737704918032787,0.5641025641025641,0.7819905213270142,0.6464646464646465,0.5425531914893617,0.5957446808510638,0.7413793103448276,0.6,0.5700934579439252,0.5533980582524272,0.7548387096774194,0.6228070175438597,0.6037735849056604,0.6057692307692307,0.8218623481781376,0.6825396825396826,0.6639344262295082,0.6470588235294118
179BR2D00001,0.6428571428571429,0.7751937984496124,0.7900763358778626,0.8022813688212928,0.6631944444444444,0.7966804979253111,0.8024691358024691,0.7991803278688525,0.6335877862595419,0.7786885245901639,0.7991803278688525,0.7967479674796748,0.0,0.7352941176470589,0.746938775510204,0.752,0.6010230179028133,0.7613636363636364,0.7827715355805244,0.7773584905660378,0.675564681724846,0.7900763358778626,0.7924528301886793,0.797752808988764,0.6027874564459931,0.7448559670781894,0.73828125,0.7423076923076923,0.571875,0.7115384615384616,0.7396226415094339,0.7286821705426356,0.6927899686520376,0.8192771084337349,0.8072289156626506,0.832,0.6794425087108014,0.7854251012145749,0.7628458498023716,0.7738095238095238,0.6577946768060836,0.7665369649805448,0.792156862745098,0.80859375,0.7114285714285714,0.7835820895522388,0.7947761194029851,0.8154981549815498
179BR2D00003,0.8106312292358804,0.5229357798165137,0.5535714285714286,0.584070796460177,0.7292817679558011,0.5164835164835165,0.5217391304347826,0.5,0.6903225806451613,0.5104166666666666,0.4835164835164835,0.5,0.7352941176470589,0.0,0.1686746987951807,0.25555555555555554,0.8085106382978723,0.5546218487394958,0.5470085470085471,0.5304347826086957,0.8631090487238979,0.5663716814159292,0.6016949152542372,0.6050420168067226,0.7052631578947368,0.5294117647058824,0.5517241379310345,0.5666666666666667,0.7520661157024794,0.59375,0.6124031007751938,0.5934959349593496,0.7641509433962265,0.6372549019607843,0.58,0.6435643564356436,0.7486033519553073,0.6057692307692307,0.5892857142857143,0.5607476635514018,0.7225806451612903,0.6386554621848739,0.6460176991150443,0.6607142857142857,0.8016194331983806,0.6846153846153846,0.6771653543307087,0.6825396825396826
179BR2D00007,0.7947019867549668,0.4818181818181818,0.4864864864864865,0.4909090909090909,0.717391304347826,0.53125,0.4731182795698925,0.43478260869565216,0.7018633540372671,0.5392156862745098,0.4842105263157895,0.46875,0.746938775510204,0.1686746987951807,0.0,0.10465116279069768,0.8012048192771084,0.5166666666666667,0.49572649572649574,0.4649122807017544,0.8545034642032333,0.5641025641025641,0.575,0.5546218487394958,0.7076923076923077,0.5283018867924528,0.5128205128205128,0.5042016806722689,0.7325102880658436,0.5581395348837209,0.5546875,0.5327868852459017,0.7534883720930232,0.6448598130841121,0.5631067961165048,0.6116504854368932,0.7222222222222222,0.6146788990825688,0.5486725663716814,0.5321100917431193,0.7329192546583851,0.6115702479338843,0.6173913043478261,0.6194690265486725,0.792,0.6888888888888889,0.6717557251908397,0.6666666666666666
179BR2D00011,0.7901639344262295,0.49122807017543857,0.4824561403508772,0.48672566371681414,0.7112299465240641,0.5544554455445545,0.4845360824742268,0.4479166666666667,0.6951219512195121,0.5333333333333333,0.494949494949495,0.48,0.752,0.25555555555555554,0.10465116279069768,0.0,0.7970149253731343,0.536,0.5163934426229508,0.46153846153846156,0.8535469107551488,0.5583333333333333,0.5454545454545454,0.5371900826446281,0.702020202020202,0.5229357798165137,0.4957983193277311,0.46218487394957986,0.7172131147540983,0.5307692307692308,0.515625,0.4918032786885246,0.7419354838709677,0.6486486486486487,0.5700934579439252,0.616822429906542,0.7158469945355191,0.6194690265486725,0.5304347826086957,0.5135135135135135,0.7409638554216867,0.6048387096774194,0.6101694915254238,0.6120689655172413,0.7913385826771654,0.6906474820143885,0.664179104477612,0.6590909090909091
179BR2E00001,0.605080831408776,0.7958579881656804,0.8070175438596491,0.8231884057971014,0.6850828729281768,0.8419452887537994,0.8389057750759878,0.8433734939759037,0.7171428571428572,0.8388059701492537,0.8537313432835821,0.8516320474777448,0.6010230179028133,0.8085106382978723,0.8012048192771084,0.7970149253731343,0.0,0.7371601208459214,0.7728613569321534,0.7936046511627907,0.570873786407767,0.8104956268221575,0.8121387283236994,0.8160919540229885,0.6774193548387096,0.8,0.7787610619469026,0.791907514450867,0.6126582278481013,0.7616279069767442,0.7752161383285303,0.7819767441860465,0.7425742574257426,0.8709677419354839,0.855457227138643,0.8735294117647059,0.7365591397849462,0.822289156626506,0.8047337278106509,0.8130563798219584,0.7350427350427351,0.813953488372093,0.8367346938775511,0.8454810495626822,0.7306791569086651,0.8253521126760563,0.8305084745762712,0.84593837535014
179BR2E00003,0.8,0.6044776119402985,0.6176470588235294,0.6119402985074627,0.7389162561576355,0.5752212389380531,0.5789473684210527,0.5862068965517241,0.6914285714285714,0.5555555555555556,0.5486725663716814,0.5478260869565217,0.7613636363636364,0.5546218487394958,0.5166666666666667,0.536,0.7371601208459214,0.0,0.25,0.375,0.8456375838926175,0.6277372262773723,0.6258992805755396,0.6086956521739131,0.7230046948356808,0.5333333333333333,0.562962962962963,0.5755395683453237,0.7480916030534351,0.5694444444444444,0.5958904109589042,0.6083916083916084,0.7586206896551724,0.68,0.6341463414634146,0.6528925619834711,0.717948717948718,0.5867768595041323,0.5511811023622047,0.5483870967741935,0.72,0.6474820143884892,0.6230769230769231,0.6356589147286822,0.7803030303030303,0.668918918918919,0.6620689655172414,0.6573426573426573
179BR2E00007,0.8099688473520249,0.5877862595419847,0.6015037593984962,0.5954198473282443,0.7425742574257426,0.5803571428571429,0.5714285714285714,0.591304347826087,0.7247191011235955,0.6083333333333333,0.591304347826087,0.5775862068965517,0.7827715355805244,0.5470085470085471,0.49572649572649574,0.5163934426229508,0.7728613569321534,0.25,0.0,0.22935779816513763,0.8577777777777778,0.6222222222222222,0.6304347826086957,0.6029411764705882,0.7264150943396226,0.5378151260504201,0.5230769230769231,0.5481481481481482,0.7509578544061303,0.5633802816901409,0.5602836879432624,0.572463768115942,0.7345132743362832,0.6639344262295082,0.628099173553719,0.635593220338983,0.7083333333333334,0.6147540983606558,0.5555555555555556,0.5645161290322581,0.7386363636363636,0.5909090909090909,0.5725806451612904,0.5853658536585366,0.7969924812030075,0.6824324324324325,0.647887323943662,0.6428571428571429
179BR2E00011,0.8130841121495327,0.5736434108527132,0.5658914728682171,0.5590551181102362,0.7222222222222222,0.5636363636363636,0.5,0.5092592592592593,0.7159090909090909,0.5689655172413793,0.5495495495495496,0.5357142857142857,0.7773584905660378,0.5304347826086957,0.4649122807017544,0.46153846153846156,0.7936046511627907,0.375,0.22935779816513763,0.0,0.8700440528634361,0.6397058823529411,0.6074074074074074,0.6,0.7311320754716981,0.5213675213675214,0.5078125,0.4765625,0.75,0.55,0.5255474452554745,0.5263157894736842,0.7389380530973452,0.6386554621848739,0.6016949152542372,0.6086956521739131,0.7,0.6,0.49166666666666664,0.5,0.7371428571428571,0.5769230769230769,0.5691056910569106,0.5819672131147541,0.8097014925373134,0.6712328767123288,0.6357142857142857,0.6204379562043796
179BR2F00001,0.593186372745491,0.8283062645011601,0.8367816091954023,0.8519362186788155,0.7864693446088795,0.888631090487239,0.8888888888888888,0.8842592592592593,0.8056768558951966,0.8778801843317973,0.8919540229885058,0.8850574712643678,0.675564681724846,0.8631090487238979,0.8545034642032333,0.8535469107551488,0.570873786407767,0.8456375838926175,0.8577777777777778,0.8700440528634361,0.0,0.7894736842105263,0.7966903073286052,0.8084112149532711,0.7473460721868365,0.8564814814814815,0.8468468468468469,0.8430493273542601,0.7028112449799196,0.8198198198198198,0.8325892857142857,0.8382022471910112,0.788,0.8947368421052632,0.8878718535469108,0.9018264840182648,0.7966101694915254,0.8706697459584296,0.8538812785388128,0.863013698630137,0.7765237020316027,0.8552036199095022,0.8755656108597285,0.8823529411764706,0.6885245901639344,0.8321995464852607,0.8442437923250564,0.8539325842696629
179BR2F00003,0.7817589576547231,0.5491803278688525,0.5528455284552846,0.5806451612903226,0.7638190954773869,0.6272727272727273,0.6548672566371682,0.6491228070175439,0.7267441860465116,0.6410256410256411,0.6608695652173913,0.646551724137931,0.7900763358778626,0.5663716814159292,0.5641025641025641,0.5583333333333333,0.8104956268221575,0.6277372262773723,0.6222222222222222,0.6397058823529411,0.7894736842105263,0.0,0.24271844660194175,0.26666666666666666,0.7219512195121951,0.5689655172413793,0.5846153846153846,0.5757575757575758,0.7578125,0.6,0.6170212765957447,0.5895522388059702,0.730593607305936,0.6637931034482759,0.6495726495726496,0.6695652173913044,0.743455497382199,0.6120689655172413,0.5967741935483871,0.5833333333333334,0.7337278106508875,0.6716417910447762,0.648,0.6612903225806451,0.766798418972332,0.6044776119402985,0.6060606060606061,0.6106870229007634
179BR2F00007,0.7679738562091504,0.512396694214876,0.5403225806451613,0.5206611570247934,0.7487437185929648,0.625,0.6160714285714286,0.6106194690265486,0.7017543859649122,0.6153846153846154,0.646551724137931,0.6324786324786325,0.7924528301886793,0.6016949152542372,0.575,0.5454545454545454,0.8121387283236994,0.6258992805755396,0.6304347826086957,0.6074074074074074,0.7966903073286052,0.24271844660194175,0.0,0.15,0.7135922330097088,0.5798319327731093,0.5939849624060151,0.553030303030303,0.74609375,0.5985915492957746,0.6056338028169014,0.5777777777777777,0.7342342342342343,0.6833333333333333,0.6583333333333333,0.6890756302521008,0.7277486910994765,0.6218487394957983,0.584,0.5702479338842975,0.7005988023952096,0.6287878787878788,0.624,0.6370967741935484,0.7598425196850394,0.6131386861313869,0.5939849624060151,0.5984848484848485
179BR2F00011,0.7806451612903226,0.5403225806451613,0.544,0.5,0.75,0.6521739130434783,0.6434782608695652,0.6260869565217392,0.7183908045977011,0.6302521008403361,0.6260869565217392,0.6,0.797752808988764,0.6050420168067226,0.5546218487394958,0.5371900826446281,0.8160919540229885,0.6086956521739131,0.6029411764705882,0.6,0.8084112149532711,0.26666666666666666,0.15,0.0,0.7211538461538461,0.5950413223140496,0.5648854961832062,0.5230769230769231,0.751937984496124,0.5915492957746479,0.5886524822695035,0.5597014925373134,0.7466666666666667,0.6859504132231405,0.65,0.6581196581196581,0.7357512953367875,0.6475409836065574,0.5984251968503937,0.5967741935483871,0.7251461988304093,0.6212121212121212,0.6048387096774194,0.6178861788617886,0.765625,0.6258992805755396,0.5864661654135338,0.5909090909090909
179BR3A00001,0.6246246246246246,0.695,0.7093596059113301,0.7192118226600985,0.5714285714285714,0.7158469945355191,0.717391304347826,0.7204301075268817,0.5972222222222222,0.7210526315789474,0.7473684210526316,0.7382198952879581,0.6027874564459931,0.7052631578947368,0.7076923076923077,0.702020202020202,0.6774193548387096,0.7230046948356808,0.7264150943396226,0.7311320754716981,0.7473460721868365,0.7219512195121951,0.7135922330097088,0.7211538461538461,0.0,0.6111111111111112,0.5968586387434555,0.6122448979591837,0.5434782608695652,0.592964824120603,0.6119402985074627,0.6142131979695431,0.552,0.7680412371134021,0.7461139896373057,0.7846153846153846,0.5974025974025974,0.7371134020618557,0.7035175879396985,0.7106598984771574,0.6203703703703703,0.6767676767676768,0.7091836734693877,0.7309644670050761,0.6438356164383562,0.6971153846153846,0.7115384615384616,0.7393364928909952
179BR3A00003,0.777027027027027,0.5,0.4909090909090909,0.5225225225225225,0.7,0.4725274725274725,0.4946236559139785,0.5052631578947369,0.62,0.41935483870967744,0.4731182795698925,0.47368421052631576,0.7448559670781894,0.5294117647058824,0.5283018867924528,0.5229357798165137,0.8,0.5333333333333333,0.5378151260504201,0.5213675213675214,0.8564814814814815,0.5689655172413793,0.5798319327731093,0.5950413223140496,0.6111111111111112,0.0,0.20833333333333334,0.27450980392156865,0.7196652719665272,0.453781512605042,0.46218487394957986,0.47413793103448276,0.6831683168316832,0.5257731958762887,0.4948453608247423,0.5612244897959183,0.6347305389221557,0.43157894736842106,0.39603960396039606,0.40404040404040403,0.6622516556291391,0.5178571428571429,0.47572815533980584,0.5192307692307693,0.7654320987654321,0.5416666666666666,0.5299145299145299,0.5344827586206896
179BR3A00007,0.7662337662337663,0.536,0.5040650406504065,0.5081967213114754,0.6875,0.5327102803738317,0.5094339622641509,0.5046728971962616,0.6526946107784432,0.5,0.5321100917431193,0.5315315315315315,0.73828125,0.5517241379310345,0.5128205128205128,0.4957983193277311,0.7787610619469026,0.562962962962963,0.5230769230769231,0.5078125,0.8468468468468469,0.5846153846153846,0.5939849624060151,0.5648854961832062,0.5968586387434555,0.20833333333333334,0.0,0.16981132075471697,0.6935483870967742,0.421875,0.40476190476190477,0.4146341463414634,0.6666666666666666,0.5752212389380531,0.5225225225225225,0.5803571428571429,0.6179775280898876,0.5221238938053098,0.42105263157894735,0.4144144144144144,0.6746987951807228,0.4918032786885246,0.45132743362831856,0.4778761061946903,0.7480314960629921,0.5267175572519084,0.5039370078740157,0.5196850393700787
179BR3A00011,0.7612903225806451,0.5275590551181102,0.4838709677419355,0.4628099173553719,0.6735751295336787,0.5363636363636364,0.5,0.48148148148148145,0.6686046511627907,0.5175438596491229,0.5357142857142857,0.5221238938053098,0.7423076923076923,0.5666666666666667,0.5042016806722689,0.46218487394957986,0.791907514450867,0.5755395683453237,0.5481481481481482,0.4765625,0.8430493273542601,0.5757575757575758,0.553030303030303,0.5230769230769231,0.6122448979591837,0.27450980392156865,0.16981132075471697,0.0,0.688,0.4393939393939394,0.4108527131782946,0.408,0.6728110599078341,0.5526315789473685,0.5132743362831859,0.5575221238938053,0.6263736263736264,0.5258620689655172,0.38596491228070173,0.39285714285714285,0.6745562130177515,0.496,0.4700854700854701,0.4827586206896552,0.751937984496124,0.5298507462686567,0.49612403100775193,0.4881889763779528
179BR3B00001,0.5561797752808989,0.732,0.7430830039525692,0.7509881422924901,0.5488721804511278,0.7669491525423728,0.7574468085106383,0.759493670886076,0.6604477611940298,0.7695473251028807,0.7851239669421488,0.7777777777777778,0.571875,0.7520661157024794,0.7325102880658436,0.7172131147540983,0.6126582278481013,0.7480916030534351,0.7509578544061303,0.75,0.7028112449799196,0.7578125,0.74609375,0.751937984496124,0.5434782608695652,0.7196652719665272,0.6935483870967742,0.688,0.0,0.5579399141630901,0.5864978902953587,0.6059322033898306,0.6204620462046204,0.7759336099585062,0.768595041322314,0.7942386831275721,0.6131386861313869,0.7510373443983402,0.7131147540983607,0.71900826446281,0.6171875,0.691358024691358,0.7125,0.7355371900826446,0.6507462686567164,0.7276264591439688,0.7244094488188977,0.7421875
179BR3B00003,0.7189542483660131,0.5661764705882353,0.5588235294117647,0.562962962962963,0.6391752577319587,0.5175438596491229,0.5217391304347826,0.5299145299145299,0.630057803468208,0.5609756097560976,0.5785123966942148,0.5772357723577236,0.7115384615384616,0.59375,0.5581395348837209,0.5307692307692308,0.7616279069767442,0.5694444444444444,0.5633802816901409,0.55,0.8198198198198198,0.6,0.5985915492957746,0.5915492957746479,0.592964824120603,0.453781512605042,0.421875,0.4393939393939394,0.5579399141630901,0.0,0.19491525423728814,0.2892561983471074,0.6785714285714286,0.6377952755905512,0.592,0.6535433070866141,0.6421052631578947,0.5793650793650794,0.5,0.4838709677419355,0.6190476190476191,0.4806201550387597,0.49193548387096775,0.528,0.7307692307692307,0.5664335664335665,0.5467625899280576,0.5714285714285714
179BR3B00007,0.7346278317152104,0.5735294117647058,0.5338345864661654,0.5378787878787878,0.6443298969072165,0.5641025641025641,0.5175438596491229,0.5258620689655172,0.6436781609195402,0.5691056910569106,0.575,0.5737704918032787,0.7396226415094339,0.6124031007751938,0.5546875,0.515625,0.7752161383285303,0.5958904109589042,0.5602836879432624,0.5255474452554745,0.8325892857142857,0.6170212765957447,0.6056338028169014,0.5886524822695035,0.6119402985074627,0.46218487394957986,0.40476190476190477,0.4108527131782946,0.5864978902953587,0.19491525423728814,0.0,0.12727272727272726,0.7117903930131004,0.6349206349206349,0.5772357723577236,0.6290322580645161,0.6329787234042553,0.5984251968503937,0.5078125,0.49193548387096775,0.6491228070175439,0.4883720930232558,0.4878048780487805,0.5121951219512195,0.7346153846153847,0.5633802816901409,0.5328467153284672,0.5579710144927537
179BR3B00011,0.7377049180327869,0.5648854961832062,0.5118110236220472,0.5158730158730159,0.6402116402116402,0.5405405405405406,0.5045871559633027,0.5135135135135135,0.6390532544378699,0.5714285714285714,0.5652173913043478,0.5641025641025641,0.7286821705426356,0.5934959349593496,0.5327868852459017,0.4918032786885246,0.7819767441860465,0.6083916083916084,0.572463768115942,0.5263157894736842,0.8382022471910112,0.5895522388059702,0.5777777777777777,0.5597014925373134,0.6142131979695431,0.47413793103448276,0.4146341463414634,0.408,0.6059322033898306,0.2892561983471074,0.12727272727272726,0.0,0.6981981981981982,0.628099173553719,0.5677966101694916,0.6218487394957983,0.6358695652173914,0.6129032258064516,0.52,0.5163934426229508,0.6526946107784432,0.5,0.5,0.5126050420168067,0.73828125,0.5755395683453237,0.5227272727272727,0.5597014925373134
179BR3C00001,0.6869806094182825,0.7235023041474654,0.7363636363636363,0.7454545454545455,0.6377952755905512,0.7386934673366834,0.74,0.7487684729064039,0.6872427983539094,0.7548076923076923,0.7904761904761904,0.7819905213270142,0.6927899686520376,0.7641509433962265,0.7534883720930232,0.7419354838709677,0.7425742574257426,0.7586206896551724,0.7345132743362832,0.7389380530973452,0.788,0.730593607305936,0.7342342342342343,0.7466666666666667,0.552,0.6831683168316832,0.6666666666666666,0.6728110599078341,0.6204620462046204,0.6785714285714286,0.7117903930131004,0.6981981981981982,0.0,0.6855670103092784,0.6903553299492385,0.7091836734693877,0.6561264822134387,0.7391304347826086,0.7136150234741784,0.7264150943396226,0.6638297872340425,0.7009345794392523,0.7311320754716981,0.7511737089201878,0.6709677419354839,0.6834862385321101,0.7031963470319634,0.7181818181818181
179BR3C00003,0.83,0.6371681415929203,0.6403508771929824,0.6578947368421053,0.7814207650273224,0.5777777777777777,0.5666666666666667,0.5913978494623656,0.7672955974842768,0.6122448979591837,0.6354166666666666,0.6464646464646465,0.8192771084337349,0.6372549019607843,0.6448598130841121,0.6486486486486487,0.8709677419354839,0.68,0.6639344262295082,0.6386554621848739,0.8947368421052632,0.6637931034482759,0.6833333333333333,0.6859504132231405,0.7680412371134021,0.5257731958762887,0.5752212389380531,0.5526315789473685,0.7759336099585062,0.6377952755905512,0.6349206349206349,0.628099173553719,0.6855670103092784,0.0,0.2,0.24324324324324326,0.7159763313609467,0.5473684210526316,0.5619047619047619,0.5445544554455446,0.7350993377483444,0.6283185840707964,0.5825242718446602,0.5841584158415841,0.8057851239669421,0.5614035087719298,0.5495495495495496,0.5277777777777778
179BR3C00007,0.8160535117056856,0.5982142857142857,0.5636363636363636,0.5818181818181818,0.7650273224043715,0.5760869565217391,0.5652173913043478,0.5274725274725275,0.7161290322580646,0.5212765957446809,0.5274725274725275,0.5425531914893617,0.8072289156626506,0.58,0.5631067961165048,0.5700934579439252,0.855457227138643,0.6341463414634146,0.628099173553719,0.6016949152542372,0.8878718535469108,0.6495726495726496,0.6583333333333333,0.65,0.7461139896373057,0.4948453608247423,0.5225225225225225,0.5132743362831859,0.768595041322314,0.592,0.5772357723577236,0.5677966101694916,0.6903553299492385,0.2,0.0,0.1780821917808219,0.7134502923976608,0.5757575757575758,0.5471698113207547,0.5294117647058824,0.7320261437908496,0.6017699115044248,0.5533980582524272,0.5544554455445545,0.7983539094650206,0.5478260869565217,0.5357142857142857,0.5137614678899083
179BR3C00011,0.8366666666666667,0.6306306306306306,0.5963302752293578,0.6018518518518519,0.7923497267759563,0.6153846153846154,0.6043956043956044,0.5978260869565217,0.7643312101910829,0.6041666666666666,0.5978260869565217,0.5957446808510638,0.832,0.6435643564356436,0.6116504854368932,0.616822429906542,0.8735294117647059,0.6528925619834711,0.635593220338983,0.6086956521739131,0.9018264840182648,0.6695652173913044,0.6890756302521008,0.6581196581196581,0.7846153846153846,0.5612244897959183,0.5803571428571429,0.5575221238938053,0.7942386831275721,0.6535433070866141,0.6290322580645161,0.6218487394957983,0.7091836734693877,0.24324324324324326,0.1780821917808219,0.0,0.7202380952380952,0.5979381443298969,0.5673076923076923,0.55,0.756578947368421,0.6216216216216216,0.5742574257425742,0.5757575757575758,0.8140495867768595,0.5663716814159292,0.5412844036697247,0.5188679245283019
179BR3D00001,0.6906906906906907,0.6868131868131868,0.7027027027027027,0.7065217391304348,0.6666666666666666,0.7012195121951219,0.718562874251497,0.7218934911242604,0.6019900497512438,0.7151162790697675,0.7441860465116279,0.7413793103448276,0.6794425087108014,0.7486033519553073,0.7222222222222222,0.7158469945355191,0.7365591397849462,0.717948717948718,0.7083333333333334,0.7,0.7966101694915254,0.743455497382199,0.7277486910994765,0.7357512953367875,0.5974025974025974,0.6347305389221557,0.6179775280898876,0.6263736263736264,0.6131386861313869,0.6421052631578947,0.6329787234042553,0.6358695652173914,0.6561264822134387,0.7159763313609467,0.7134502923976608,0.7202380952380952,0.0,0.5886075949367089,0.5432098765432098,0.5679012345679012,0.6130653266331658,0.6740331491712708,0.6875,0.7045454545454546,0.6968641114982579,0.6612903225806451,0.6774193548387096,0.6881720430107527
179BR3D00003,0.8178807947019867,0.5964912280701754,0.6120689655172413,0.6052631578947368,0.7486338797814208,0.5434782608695652,0.5638297872340425,0.5729166666666666,0.6710526315789473,0.5510204081632653,0.5876288659793815,0.6,0.7854251012145749,0.6057692307692307,0.6146788990825688,0.6194690265486725,0.822289156626506,0.5867768595041323,0.6147540983606558,0.6,0.8706697459584296,0.6120689655172413,0.6218487394957983,0.6475409836065574,0.7371134020618557,0.43157894736842106,0.5221238938053098,0.5258620689655172,0.7510373443983402,0.5793650793650794,0.5984251968503937,0.6129032258064516,0.7391304347826086,0.5473684210526316,0.5757575757575758,0.5979381443298969,0.5886075949367089,0.0,0.2159090909090909,0.2413793103448276,0.7290322580645161,0.6239316239316239,0.5794392523364486,0.6074766355140186,0.7909836065573771,0.5714285714285714,0.5847457627118644,0.5897435897435898
179BR3D00007,0.7868852459016393,0.5338983050847458,0.5128205128205128,0.5172413793103449,0.7127659574468085,0.5445544554455446,0.5050505050505051,0.5,0.6728395061728395,0.5377358490566038,0.5576923076923077,0.5700934579439252,0.7628458498023716,0.5892857142857143,0.5486725663716814,0.5304347826086957,0.8047337278106509,0.5511811023622047,0.5555555555555556,0.49166666666666664,0.8538812785388128,0.5967741935483871,0.584,0.5984251968503937,0.7035175879396985,0.39603960396039606,0.42105263157894735,0.38596491228070173,0.7131147540983607,0.5,0.5078125,0.52,0.7136150234741784,0.5619047619047619,0.5471698113207547,0.5673076923076923,0.5432098765432098,0.2159090909090909,0.0,0.09195402298850575,0.7037037037037037,0.5619834710743802,0.5267857142857143,0.5405405405405406,0.7630522088353414,0.536,0.5365853658536586,0.5409836065573771
179BR3D00011,0.7960526315789473,0.5431034482758621,0.5217391304347826,0.5263157894736842,0.7135135135135136,0.5257731958762887,0.4842105263157895,0.4948453608247423,0.6729559748427673,0.5196078431372549,0.54,0.5533980582524272,0.7738095238095238,0.5607476635514018,0.5321100917431193,0.5135135135135135,0.8130563798219584,0.5483870967741935,0.5645161290322581,0.5,0.863013698630137,0.5833333333333334,0.5702479338842975,0.5967741935483871,0.7106598984771574,0.40404040404040403,0.4144144144144144,0.39285714285714285,0.71900826446281,0.4838709677419355,0.49193548387096775,0.5163934426229508,0.7264150943396226,0.5445544554455446,0.5294117647058824,0.55,0.5679012345679012,0.2413793103448276,0.09195402298850575,0.0,0.6962025316455697,0.5470085470085471,0.5092592592592593,0.5370370370370371,0.7692307692307693,0.5327868852459017,0.5454545454545454,0.5378151260504201
179BR3E00001,0.6601307189542484,0.66875,0.718562874251497,0.7228915662650602,0.6507177033492823,0.6830985915492958,0.7034482758620689,0.7248322147651006,0.6216216216216216,0.7086092715231788,0.75,0.7548387096774194,0.6577946768060836,0.7225806451612903,0.7329192546583851,0.7409638554216867,0.7350427350427351,0.72,0.7386363636363636,0.7371428571428571,0.7765237020316027,0.7337278106508875,0.7005988023952096,0.7251461988304093,0.6203703703703703,0.6622516556291391,0.6746987951807228,0.6745562130177515,0.6171875,0.6190476190476191,0.6491228070175439,0.6526946107784432,0.6638297872340425,0.7350993377483444,0.7320261437908496,0.756578947368421,0.6130653266331658,0.7290322580645161,0.7037037037037037,0.6962025316455697,0.0,0.5342465753424658,0.6148648648648649,0.6533333333333333,0.6190476190476191,0.6646706586826348,0.6826347305389222,0.7100591715976331
179BR3E00003,0.7817589576547231,0.5952380952380952,0.6412213740458015,0.6141732283464567,0.7384615384615385,0.5887850467289719,0.6055045871559633,0.6126126126126126,0.6646341463414634,0.5929203539823009,0.625,0.6228070175438597,0.7665369649805448,0.6386554621848739,0.6115702479338843,0.6048387096774194,0.813953488372093,0.6474820143884892,0.5909090909090909,0.5769230769230769,0.8552036199095022,0.6716417910447762,0.6287878787878788,0.6212121212121212,0.6767676767676768,0.5178571428571429,0.4918032786885246,0.496,0.691358024691358,0.4806201550387597,0.4883720930232558,0.5,0.7009345794392523,0.6283185840707964,0.6017699115044248,0.6216216216216216,0.6740331491712708,0.6239316239316239,0.5619834710743802,0.5470085470085471,0.5342465753424658,0.0,0.1827956989247312,0.23404255319148937,0.7107438016528925,0.5615384615384615,0.528,0.5555555555555556
179BR3E00007,0.8071895424836601,0.6115702479338843,0.6370967741935484,0.5966386554621849,0.7393617021276596,0.5656565656565656,0.57,0.5784313725490197,0.6708860759493671,0.5849056603773585,0.6057692307692307,0.6037735849056604,0.792156862745098,0.6460176991150443,0.6173913043478261,0.6101694915254238,0.8367346938775511,0.6230769230769231,0.5725806451612904,0.5691056910569106,0.8755656108597285,0.648,0.624,0.6048387096774194,0.7091836734693877,0.47572815533980584,0.45132743362831856,0.4700854700854701,0.7125,0.49193548387096775,0.4878048780487805,0.5,0.7311320754716981,0.5825242718446602,0.5533980582524272,0.5742574257425742,0.6875,0.5794392523364486,0.5267857142857143,0.5092592592592593,0.6148648648648649,0.1827956989247312,0.0,0.10843373493975904,0.7530864197530864,0.5409836065573771,0.49137931034482757,0.5086206896551724
179BR3E00011,0.8169934640522876,0.625,0.639344262295082,0.5982905982905983,0.7553191489361702,0.5816326530612245,0.5714285714285714,0.5656565656565656,0.70625,0.6261682242990654,0.6078431372549019,0.6057692307692307,0.80859375,0.6607142857142857,0.6194690265486725,0.6120689655172413,0.8454810495626822,0.6356589147286822,0.5853658536585366,0.5819672131147541,0.8823529411764706,0.6612903225806451,0.6370967741935484,0.6178861788617886,0.7309644670050761,0.5192307692307693,0.4778761061946903,0.4827586206896552,0.7355371900826446,0.528,0.5121951219512195,0.5126050420168067,0.7511737089201878,0.5841584158415841,0.5544554455445545,0.5757575757575758,0.7045454545454546,0.6074766355140186,0.5405405405405406,0.5370370370370371,0.6533333333333333,0.23404255319148937,0.10843373493975904,0.0,0.7603305785123967,0.5416666666666666,0.4778761061946903,0.49557522123893805
179BR3F00001,0.592797783933518,0.7408906882591093,0.7619047619047619,0.7747035573122529,0.7540983606557377,0.8174273858921162,0.8132780082987552,0.8099173553719008,0.7347670250896058,0.8089430894308943,0.8244897959183674,0.8218623481781376,0.7114285714285714,0.8016194331983806,0.792,0.7913385826771654,0.7306791569086651,0.7803030303030303,0.7969924812030075,0.8097014925373134,0.6885245901639344,0.766798418972332,0.7598425196850394,0.765625,0.6438356164383562,0.7654320987654321,0.7480314960629921,0.751937984496124,0.6507462686567164,0.7307692307692307,0.7346153846153847,0.73828125,0.6709677419354839,0.8057851239669421,0.7983539094650206,0.8140495867768595,0.6968641114982579,0.7909836065573771,0.7630522088353414,0.7692307692307693,0.6190476190476191,0.7107438016528925,0.7530864197530864,0.7603305785123967,0.0,0.5982532751091703,0.6410256410256411,0.6778242677824268
