,179fece00002a,179fece00003a,179fece00004a,179fece00005a,179fece00006a,179fece00012a,179fece000132a,179fece00013a,179fece00014a,179fece00015a,179fece00016a,179fece00022a,179fece000232a,179fece00023a,179fece00024a,179fece00025a,179fece00026a,179fece00032a_1,179fece00032a_2,179fece000332a,179fece00033a,179fece00034a,179fece00035a,179fece00036a,179fece00042a,179fece000432a,179fece00043a,179fece00044a,179fece00045a,179fece00046a,179fece00052a,179fece000532a,179fece00053a,179fece00054a,179fece00055a,179fece00056a,179fece00062a,179fece000632a,179fece00063a,179fece00064a,179fece00065a,179fece00066a,179supA00011a,179supA00012a,179supA00013a,179supA00014a,179supA00015a,179supA00016a,179supA00021a,179supA00022a,179supA00023a,179supA00024a,179supA00025a,179supA00026a,179supA00031a,179supA00032a,179supA00033a,179supA00034a,179supA00035a,179supA00036a,179supA00041a,179supA00042a,179supA00043a,179supA00044a,179supA00045a,179supA00046a,179supA00051a,179supA00052a,179supA00053a,179supA00054a,179supA00055a,179supA00056a,179supA00061a,179supA00062a,179supA00063a,179supA00064a,179supA00065a,179supA00066a,179supB00007a,179supB00008a,179supB00009a,179supB00010a,179supB00011a,179supB00012a,179supB00017a,179supB00018a,179supB00019a,179supB00027a,179supB00028a,179supB00029a,179supB00037a,179supB00038a,179supB00039a,179supB00047a,179supB00048a,179supB00049a,179supB00057a,179supB00058a,179supB00059a,179supB00067a,179supB00068a,179supB00069a,179supB00110a,179supB00111a,179supB00112a,179supB00210a,179supB00211a,179supB00212a,179supB00310a,179supB00311a,179supB00312a,179supB00410a,179supB00411a,179supB00510a,179supB00511a,179supB00512a,179supB00610a,179supB00611a,179supB00612a,179supD00019a,179supD00020a,179supD00021a,179supD00022a,179supD00119a,179supD00120a,179supD00121a,179supD00122a,179supD00219a,179supD00220a,179supD00221a,179supD00222a,179supD00319a,179supD00320a,179supD00321a,179supD00322a,179supD00419a,179supD00420a,179supD00421a,179supD00422a,179supD00519a,179supD00520a,179supD00521a,179supD00522a,179supD00619a,179supD00620a,179supD00621a,179supD00622a,FF02556036,FF02556045,FF02556056,FF02556063,FF02556074,FF02556082
179fece00002a,0.0,0.5899875241890292,0.6674739241058224,0.590397485971406,0.5442210049915378,0.5940752684948025,0.8360490912425453,0.8879420156724501,0.7862807267380354,0.7407766333656365,0.7851363113075217,0.9225435674953653,0.9297281215297355,0.9954719955474625,0.829241636961216,0.8935646691009466,0.9173252145693882,0.5668881283054832,0.928165104409757,0.9972376971916587,0.9979981979314712,0.9147923233130913,0.9375635156768708,0.9116260307737238,0.998169798230805,0.9315820361432338,0.9976610976610976,0.9526677844233775,0.9510204876191221,0.9525537604614669,0.9979991980325448,0.9367636658812437,0.93662766151135,0.910570549865847,0.9339342760763724,0.9543917551518926,0.9981157981786049,0.9432794413887557,0.9453776723384009,0.9514199570876287,0.9412164167006212,0.9657810600779034,0.7107923204325763,0.9314225727566059,0.8718672009294414,0.9338460049229379,0.925405368684653,0.7066470408715528,0.957149262148515,0.9406711327606172,0.9794328127661464,0.9669494980794647,0.9585290925536079,0.9322754780249733,0.9754451087784418,0.9637903995377063,0.981391515965415,0.9806726489499283,0.9657962996996945,0.9444110120041621,0.9717960708559398,0.9665885310277662,0.9807816150758676,0.9826459171361894,0.9784196791390228,0.9786410789970612,0.9635382653613525,0.9526333581594665,0.9789406150818661,0.982433749100416,0.9801462448275362,0.9630436994567249,0.9780161794817677,0.9338675683031092,0.9787704145805328,0.9822931501402735,0.9740285753271465,0.9570196896366844,0.6069039746277637,0.6779346338657889,0.6412633056130509,0.6161052309298375,0.7044575800662131,0.7341923526906906,0.7344376362365421,0.7858406739232731,0.8139240897090465,0.9197946105228942,0.866787160126518,0.9582104255735852,0.9279616207577828,0.9796032816429533,0.9967813633943858,0.9377903054938006,0.9883386889217546,0.9984469984728819,0.9398268004761474,0.9883386887273992,0.9984469984728819,0.9440917774251107,0.9883386891161099,0.9984469983952318,0.6907679419730057,0.7938386227090366,0.8737372172557073,0.8234973421221207,0.8015244714990634,0.9747159418040093,0.9205940618679894,0.8782622368130528,0.9982861983147617,0.9398484701742267,0.9230602525465984,0.8946280788567327,0.9267808576735528,0.9984469984987651,0.9984469984728818,0.8735765318149673,0.9984190984454469,0.4436799584692904,0.6135753473493294,0.7462732502689678,0.7562722050177637,0.8242210113952265,0.6550929068289707,0.891998327131688,0.8459801690831434,0.8259661534983584,0.9562611606350443,0.7453651041619269,0.9363837332029199,0.9345135022716107,0.9902221910370085,0.9563659592748955,0.981811182114329,0.9442769452056627,0.9942883944787811,0.9303655718229216,0.9833432850089565,0.9448609457799302,0.9984110985964706,0.9796455153535386,0.9832978846897279,0.9448609430229743,0.9984469984728819,0.969534503375595,0.9784231795020204,0.7981495576115509,0.9081453743890409,0.8374486870371514,0.8229328246593112,0.8920465405011403,0.8585860188787362
179fece00003a,0.5899875241890292,0.0,0.5404072488598359,0.6043307315619176,0.5958087694651202,0.7400356253710975,0.7948244858296178,0.8178889938511172,0.7949714001977951,0.824019285535831,0.76168053253633,0.8844647593234016,0.8921805445348356,0.9947835114588298,0.806674655085875,0.7902539608374884,0.8927594596755887,0.09463684215965004,0.8891739066868902,0.9971721366441839,0.9979191445402371,0.8426453811098352,0.8714883613370973,0.8574543532343676,0.9981042466348728,0.8387718350633293,0.99736120536211,0.8687961715326239,0.886060799840425,0.8912469986770196,0.9979307447670488,0.8540144761544122,0.9344405963290671,0.8290556660530157,0.8767396098745834,0.8860407272643631,0.9980502460642668,0.8514311535512659,0.9392037151331474,0.8656385247772013,0.8738945821983843,0.9011320021878905,0.787398520177697,0.88207153038321,0.8101696148035709,0.9189782799045485,0.8607037420325,0.8904815852152848,0.9225542214434215,0.915689095062954,0.9645674577483854,0.9450234802504562,0.923237620931488,0.9205397722892945,0.8954980589460915,0.89925217212288,0.9482178545614011,0.8910466875076636,0.881015140743573,0.8690763477246797,0.8780761368762553,0.8979648782920352,0.9286293803732963,0.9017192981099401,0.9033876791298098,0.8923786276738096,0.8719695826124295,0.8873576191323734,0.8877263582025491,0.8938618082685013,0.8941231337841978,0.8750241523373352,0.8998570784945602,0.8894588634396383,0.8865175436589162,0.9137106910859463,0.8842558788995218,0.8700051198876894,0.6058895203919532,0.7281459426185231,0.68841708045303,0.5974434723059598,0.7184031834973423,0.678317266073132,0.68753510765035,0.8660156264974116,0.7725376737754254,0.8642860021458227,0.85186598903945,0.9568588100890733,0.8745740912761102,0.9507200158935001,0.9977443427191052,0.8586938045094311,0.9015238944104195,0.9991298907913442,0.8588078892444149,0.9017166614727229,0.9991298907913442,0.8580266617492814,0.9017166647488687,0.9991298907478383,0.8421955860496583,0.734008198388406,0.7703002564044314,0.7936397620514579,0.7754917239540784,0.9604730150060756,0.8704149060231796,0.8689072016768177,0.9972242706235309,0.8963486961136135,0.8641349530372501,0.8108415264465926,0.8588572991826147,0.991788313229843,0.9991298907913442,0.8786895726887752,0.9963399612645902,0.6421940286631713,0.5333980204993808,0.7941137509258465,0.7769260466975523,0.8709406803614659,0.7610032358171476,0.9009402182839764,0.9382345545510948,0.8700853519075752,0.891390692935609,0.9338013049137016,0.9657482352187049,0.8780830097118528,0.9798125876957142,0.9166409219510446,0.9791857463824826,0.8862681963384111,0.9938594351146981,0.8905354191129767,0.9746232668776355,0.8813294774036361,0.9990939905020004,0.9157027162834759,0.9765837870728274,0.8807772655982578,0.9991298907913442,0.9009879521224936,0.9738654576139113,0.7182663509996465,0.7961025502866205,0.7778060002963364,0.7900188167313488,0.7658697419590973,0.7324319746581719
179fece00004a,0.6674739241058224,0.5404072488598359,0.0,0.6891477143674097,0.665344420591452,0.806367137534446,0.8930072680422978,0.9124039092388716,0.646959662612883,0.8608888904592613,0.8589268358309033,0.9050631511601666,0.9070913621855201,0.9979094971778211,0.8708241707499924,0.7998712098347188,0.8900196793608842,0.5498008034529072,0.9007769442915646,0.9992930990221204,0.9998480997873397,0.8898731271726273,0.9121307293546956,0.9051243908930492,0.9999827999770666,0.9026082400573784,0.9990899987563318,0.8934517174990709,0.9237790009127008,0.9101207921449505,0.9998092997425545,0.904184129330585,0.9237575189696114,0.8950905636177328,0.9203534351025698,0.9121290147075028,0.9999287999050667,0.9024093967064885,0.9117204357186461,0.9026977117054732,0.926015676652406,0.9128131329801373,0.8679798573064765,0.9260367408792594,0.844423415526115,0.8777071410192835,0.9124724587160318,0.9497512371890463,0.9098195206077337,0.9267613568087021,0.9220848601826421,0.9014823587913812,0.9241533976070865,0.9202959390168615,0.9262425991982184,0.9353668159768608,0.926208470737679,0.9119312536451086,0.9315982076575797,0.9211341601977829,0.9238574267337304,0.9298313660916246,0.926208469507818,0.9235793673198442,0.9359885146513525,0.92212746153874,0.9130077187934957,0.925663273745759,0.9240925730475069,0.9155205512114198,0.9288690956746735,0.916770759855808,0.92720947203898,0.9319174080885011,0.9240781384310064,0.9301948425866287,0.9265584033018973,0.9182310868863367,0.7299765740632023,0.6908567005327143,0.6959735611210975,0.7247286339229684,0.6685501578414282,0.7307452412398855,0.7608014647881071,0.8781372456405105,0.8323762417529424,0.8901702495149327,0.8830461009819762,0.9719960621946837,0.8943200783361146,0.9853887814924565,0.998462364539604,0.8977691953217468,0.9931763910155813,1.0,0.9030775911804668,0.9931763909018544,1.0,0.8974876265664228,0.9931763911293083,1.0,0.8847964367949521,0.8053622316447923,0.8229485922369842,0.8299658201171057,0.8920747209675399,0.9634485839889214,0.8778924119970553,0.9247816921870924,0.9981678975266616,0.9119120085420119,0.9175592165422237,0.8755463506556203,0.9178868850416393,0.9983286977715972,1.0,0.9252029927909561,0.9983286977437419,0.7118287632269352,0.5380950970564378,0.7988904080442782,0.8113437132343322,0.8974653718317142,0.8311669279197624,0.9000387317189547,0.9456433005326824,0.8925895829587496,0.9795816408034115,0.969375861209424,0.9558273374220614,0.9761124677518315,0.9980569975064801,0.9242384348432983,0.9287387704640074,0.9786251711439808,0.9998220997627996,0.9281736435503876,0.9301989449186637,0.9788345714266712,0.999979499974375,0.9334486834775212,0.9338795151453778,0.9788345703683985,1.0,0.9314163407453936,0.9321169772873533,0.826361248942717,0.8582389057179077,0.8073797560143579,0.7961248744427127,0.8432702123903316,0.7949132351550038
179fece00005a,0.590397485971406,0.6043307315619176,0.6891477143674097,0.0,0.6334766555077816,0.7912771800104138,0.8789816403394536,0.886503650357786,0.8707649301548498,0.7969380609185819,0.8013584997735832,0.886939872904378,0.8940840754929936,0.9522204103522441,0.8919809054009551,0.8451372438777807,0.8680898886516856,0.5824005775502477,0.9176093607968796,0.9536724084933922,0.9542187076302155,0.8859125008929164,0.8803179125448005,0.8774147177438677,0.9543397106540676,0.9255157198624749,0.9539303092139381,0.9240127793312032,0.9060609583837447,0.9148656312159354,0.9541690099300478,0.8973680470175935,0.9304295713046953,0.913237489803336,0.8810408396530536,0.9146269518308272,0.9542909106654541,0.9182731469544756,0.924066372994469,0.9128414942668602,0.8915150046364153,0.9211678026277398,0.8624225321014093,0.9031358640069763,0.8785270202454969,0.8997327267379399,0.9102993632335455,0.9039140637605466,0.9064577629550418,0.9160531055964599,0.9528813760903911,0.925387809948292,0.924109349776307,0.934795158328523,0.935584479549771,0.9282232524737993,0.9446557480918004,0.9375982510138291,0.9304010484131059,0.9278544822981957,0.9315953447341097,0.9309587758721631,0.9377234489024711,0.9426561819583513,0.941444880329528,0.9754311386565867,0.9216904529107204,0.9187520257285252,0.9367372544209149,0.9413305450672241,0.9412428725423795,0.9242698547902081,0.9357328504712399,0.9528518435487671,0.9404755521827419,0.9405695491814535,0.9324199168950208,0.9331559789214043,0.7643222616517791,0.7834103027649497,0.8101900247273217,0.7116568661847618,0.8218111514135767,0.8325581714785081,0.792843920841046,0.8386491150719322,0.808688162353041,0.8665798667100664,0.8711251859978888,0.9205727172092446,0.8820215784645088,0.9351466194560143,0.952732575332361,0.9215183170043645,0.9427475143131213,0.9543563098894664,0.9091615090838491,0.9427475133589134,0.9543563098894666,0.9077293851207898,0.9453658145691163,0.9543563076072821,0.8640347870614489,0.859488502341858,0.8368664360522262,0.8644976491419409,0.878696992948985,0.9236398165447067,0.9038590621756147,0.8936248808500156,0.9523838103168409,0.8917898162315274,0.887004550282651,0.8795523774974617,0.8854944524175916,0.9470148123632103,0.9543563098894661,0.9028652796179627,0.9515943104878997,0.7222477129587146,0.6670456016927356,0.9098974116717179,0.8237533371653317,0.8558170789912586,0.8167391641412927,0.8962856224714484,0.9221113605943569,0.8679108886815189,0.919824924052523,0.915805258591756,0.9511595406594023,0.8957433892555992,0.9520713135797941,0.9307990517869191,0.9457135450953986,0.914366485220595,0.9542014106863378,0.927556456273789,0.9594203455072299,0.8909513902938657,0.9543358144603254,0.9498604492108579,0.9606017444961722,0.9091550818074867,0.9543563098894664,0.9398654463624868,0.9689859410868481,0.8443711966412906,0.8653026979921736,0.8891417332574798,0.8461003483545667,0.8814777639609274,0.8105525322359823
179fece00006a,0.5442210049915378,0.5958087694651202,0.665344420591452,0.6334766555077816,0.0,0.7995396567970975,0.8648471982023207,0.8962588051870596,0.8337523221663569,0.8078538717625586,0.7586021160931921,0.9390149819129211,0.9462783991046394,0.9950660672422921,0.8433698921684943,0.887542287283914,0.9010019732665345,0.5808623927664083,0.9386311143194069,0.9971666669027779,0.9979271668048556,0.922856615428677,0.9505117140216812,0.9330279545411471,0.9991201001173201,0.9385505102415813,0.9973530335980302,0.9584865027675665,0.9650291058284822,0.958941910948824,0.997925266908719,0.9458392684720242,0.9443383648112786,0.917025113829147,0.9443466796524413,0.954715438616532,0.9980447669273644,0.9539618030692131,0.9546569992442833,0.9580458757567263,0.9550449779054223,0.9671580978105399,0.8870668150577581,0.9753839720001397,0.9004333733044421,0.9339206110132316,0.9719222398848101,0.926564149244435,0.9623271081624599,0.9817575660585851,0.9890382344295098,0.9653267344891089,0.9822817354004639,0.971603608045644,0.9815930018406998,0.9910987014835497,0.9949613341731108,0.9658729062566338,0.981772535459871,0.9754931361924672,0.9776088348260779,0.990318133656062,0.992883934400743,0.9665161722473049,0.9841899354413419,0.9837369018973612,0.9683366380828374,0.9872244361013721,0.9927813350176882,0.9709013695765304,0.9861394,0.9708138053508022,0.9818935363510773,0.9912044010261534,0.992842834884052,0.9829634695060885,0.9846658356334581,0.9643072696410607,0.6372227631404845,0.7015448198970119,0.5996790719990329,0.5982358646971284,0.6489117224533181,0.6352975419774572,0.7121235058069727,0.9062015187596959,0.8461833622693419,0.921859597922827,0.8816320392517307,0.9662224706073788,0.9374147666666666,0.9865908693484928,0.9982440334796638,0.9506988390851355,0.9958109006283647,0.9999591000047716,0.9550464333333332,0.9960053005326264,0.9998185000211751,0.9593189040681093,0.9960053006657832,0.9999591000027267,0.950599269136703,0.8234988519582378,0.8458475204872937,0.8449952025834132,0.9079695774035493,0.9790429691116537,0.9304454139109168,0.9730758008974734,0.9980794002240699,0.9549234022538297,0.9642491684542084,0.9041721588874239,0.9583249694450021,0.9926435009808663,0.999918100009555,0.9761848341271719,0.9971951003272382,0.6126071258261923,0.6699228080856661,0.7582520022316073,0.7573987061137217,0.8611614634150164,0.8526059035151909,0.9471698061635228,0.9829733375899987,0.8662789089147392,0.9840190031961993,0.975915838150166,0.990458900477055,0.9417515401289872,0.9959563007413448,0.986382802269533,0.9914753343278777,0.9535114387569988,0.9977259003032133,0.9908493019826513,0.9936251346083066,0.9540954386888655,0.9999362000138233,0.9941965012574246,0.9936405344992355,0.9540954363936375,0.9999591000047716,0.9938513007173486,0.9936074342922183,0.8213613993077501,0.9039699190925329,0.8339771998712263,0.804531584074371,0.8411084635825924,0.8570359487180657
179fece00012a,0.5940752684948025,0.7400356253710975,0.806367137534446,0.7912771800104138,0.7995396567970975,0.0,0.768688298871649,0.811078918892108,0.7413816474133647,0.5675873081031728,0.6052478460544176,0.5834203916405492,0.5916979469434016,0.9063609489398416,0.7472701333333336,0.6970460706892498,0.6574715399616536,0.7436883313854049,0.6375108693719199,0.908612545518327,0.909463943895873,0.6463189884202529,0.7270770576409804,0.635256000406133,0.909635549900149,0.6306354133623269,0.919322912101563,0.7477839627585376,0.7388254899211439,0.6619603403792257,0.9094556484240585,0.5918459340128386,0.8191892030135132,0.7377363901571158,0.7159986804670405,0.6367110605481566,0.9095815499100494,0.6127779451759059,0.8216723392775886,0.7509173997553602,0.7380933452386629,0.6557722275962041,0.5862060091955649,0.6729926205353012,0.6865879698980701,0.7795455477651312,0.7258789443342989,0.7277500392666565,0.7644729961405344,0.719383504676942,0.8278913258163008,0.8155059487078378,0.7824603029232827,0.7991442669519108,0.7370420061103659,0.7271684924468265,0.7552627863597299,0.7758855189600455,0.7485539085743486,0.7674646720892213,0.753827462053463,0.7316290556975789,0.7342199531560092,0.7774931815431438,0.7704423754188978,0.8235410960764842,0.7232906553418689,0.7030851458439612,0.7236618116291532,0.7769871001186017,0.7687241448971259,0.7607642558216737,0.7559734528724187,0.7314742447542925,0.7057064118116233,0.77740681489519,0.765490913568484,0.7725956303205828,0.7554829575672444,0.7900521578272482,0.7798840392215532,0.8564162496081786,0.8009205828484048,0.8852372662345505,0.4970160682580968,0.5236135857632706,0.5795905893165908,0.6134459072826751,0.7708457895820877,0.8789122535146243,0.6365757515045457,0.868913166105042,0.9296951093739856,0.6566919572180071,0.8248120683709196,0.931632744727876,0.6324367850448275,0.8248120654511211,0.9316327447278759,0.6295115222399382,0.8248120712907177,0.9316327413095136,0.6430424690290865,0.6674501222483374,0.7299507909983599,0.7766903482206436,0.6653087224485464,0.8962572506237915,0.8185978786838635,0.7159432903380594,0.9308550448574922,0.7597688906897776,0.7184138948252773,0.7375378497796806,0.7184049661860873,0.9310158459804283,0.9316327447278759,0.6728589939284174,0.9309879448353423,0.6771966709937215,0.8013359647942925,0.8251896651997452,0.8555757838818092,0.7146330094311976,0.5824516919311594,0.7647230725461543,0.6951442247900658,0.6366917423859635,0.8145976796839133,0.6713122155052794,0.8589261141073885,0.747939142010143,0.9018963562241835,0.7178015944763211,0.8339286276785618,0.7848248691958553,0.9237606473105482,0.6929871818700848,0.8260959434760139,0.6942108176315306,0.9315968515741726,0.7295927054419453,0.858844732936229,0.7185203661726242,0.9316327447278759,0.7149199808466697,0.8793503241299352,0.7253050992843642,0.7153069863908859,0.7098180058788316,0.7817006074582254,0.8561732410448056,0.7469230270953111
179fece000132a,0.8360490912425453,0.7948244858296178,0.8930072680422978,0.8789816403394536,0.8648471982023207,0.768688298871649,0.0,0.22713620530985631,0.7949126940116409,0.7913207084025251,0.8051486463234233,0.8054461153051374,0.7771401962856694,0.5958773804809719,0.86388205986077,0.8517066938537726,0.9351613376559106,0.7909981499550116,0.9504762782222019,0.7188605234282895,0.7021831198544584,0.8877307557871821,0.8820624667489677,0.8836485701779523,0.7273449363540083,0.8956571840571361,0.7057312627602068,0.8905354406309707,0.882807052865491,0.8908553624385694,0.7215018324914526,0.8897425703419141,0.9399089979969665,0.8904519515913409,0.8811000277433272,0.89162191264411,0.7212132371715683,0.8859442742703814,0.959342165989036,0.9038069541751597,0.8836562624192678,0.8904996593666438,0.6547713460304873,0.8045473423480752,0.7140150523989965,0.9127740812043196,0.8663902645089382,0.92965581524124,0.8998179217061171,0.9071969635732321,0.9649217035078296,0.9510646016311799,0.9415481068193875,0.9517233136783939,0.8313851835281478,0.8898495183584134,0.9416888097185315,0.9040025509328652,0.8816059804793026,0.8892337462560628,0.7782212147852517,0.8873590037546997,0.8803859179421122,0.899046616825564,0.888573448190207,0.9021041447545166,0.726308207720435,0.8784421596708651,0.8852132267835803,0.8963123437020987,0.8863173333333333,0.8902879534472085,0.7919865346689104,0.8884596130130449,0.867156228782817,0.8974622170896301,0.8884080167387975,0.8854207762149353,0.907439593613468,0.9564266362382243,0.8859880857938187,0.919994838669464,0.9175566496615353,0.9357397817657821,0.7864410032201821,0.941866144960104,0.8584869357582621,0.8578799568480172,0.8815010059249497,0.9636183375778606,0.9140862000000001,0.9539755425382245,0.9731399022383416,0.8792540807536908,0.8981713486076311,0.9748254362703656,0.8837358666666666,0.8983657468845672,0.974821836270786,0.8828844783782192,0.9056802157199642,0.9748254350116377,0.8962701051864945,0.7806950817245902,0.8185481848790148,0.8917909684701503,0.8758751811478954,0.9452560063867994,0.9349262796814106,0.8781999707266677,0.9729198364926858,0.9266468703343229,0.8849739390846365,0.9118909901624027,0.8834449411036706,0.9716080371189283,0.9748254362703658,0.8888768370374388,0.9720355365958541,0.8363306109112925,0.9220076134696337,0.9673115254613673,0.9143531923607093,0.8592841304884381,0.8262882100946144,0.8923735125564236,0.8527049034904409,0.9021706065219592,0.8812893570754617,0.9362418127516375,0.8524128073793595,0.8934448790980972,0.952396242060689,0.9318034113660981,0.9079155107431907,0.8963532454254545,0.9683700375506616,0.8862046246556646,0.9127172174565565,0.8975104452904479,0.9747895387956,0.9033602209386187,0.9515707088787033,0.8972333401844439,0.9748254362703658,0.8995301117214869,0.9565272065209189,0.7393200138132567,0.8428470596347808,0.6998890600221875,0.9004445248995943,0.8877732617982234,0.8488188855100449
179fece00013a,0.8879420156724501,0.8178889938511172,0.9124039092388716,0.886503650357786,0.8962588051870596,0.811078918892108,0.22713620530985631,0.0,0.8951879614260648,0.8724778021253697,0.8401024146786149,0.8084125794391614,0.7783669556733913,0.6388656425910431,0.8839312395839558,0.8604349999999996,0.9273587248585176,0.8192564948462749,0.9456902360488216,0.8067649473431614,0.7900875421768803,0.9017079016382014,0.8949916438341691,0.8921954810406029,0.8119239572628648,0.9103506318391775,0.7908275825689653,0.9117989230432074,0.8937451315624186,0.9070924077422996,0.8037803535853568,0.9027761854164278,0.9326517187412056,0.905069331751155,0.8916376387514517,0.9098015273201021,0.8031238568228598,0.9027150886500936,0.9658418265016989,0.9100698363310054,0.8937016737532217,0.9134344450252778,0.7741269887063497,0.8348985388367158,0.7534010712301252,0.9351260655854347,0.8914880720922627,0.92202220259926,0.9119844362671854,0.9208534828515882,0.9780314315026194,0.9597293606260712,0.9483271965551462,0.9481720718494596,0.8628411552367629,0.9141544319025743,0.9531416325523606,0.9184015,0.9064916937661125,0.8961955930797062,0.8064312107503081,0.9107237199418916,0.8919734297324478,0.9250963320849389,0.9139379290302295,0.9220125948008397,0.7571058252368614,0.9015691699476944,0.9153051375680766,0.9236472936372745,0.9130800507313426,0.9055441333333331,0.8202536303375607,0.9108199273879954,0.8968164367727856,0.9247599320793325,0.9093267969775598,0.8980212231354552,0.9133448951473379,0.9423598599419839,0.9193852515838302,0.9187015213815359,0.9197558729943625,0.9295826478648975,0.8293554511933644,0.9315929344734512,0.8733730743325956,0.857137930953448,0.9107700214360027,0.9570073971338264,0.9098613501412474,0.9643394339276758,0.9802932313626562,0.8908856593923771,0.9260790642026352,0.9820122654674848,0.8933835471203168,0.9262734629803395,0.9820122654674843,0.8944081578673465,0.9295508654925143,0.9820122645680975,0.9152758887034519,0.8215778857541032,0.8386611569763086,0.9127232854538808,0.8921721928114796,0.9562084970805664,0.9376394343726762,0.8980463847069574,0.980658465377231,0.9326765910235453,0.8949120859882784,0.9081111076574073,0.8933456875569967,0.9808192657076299,0.9819706654647109,0.9054525524845495,0.9807913653860912,0.903657755426738,0.9225627262235248,0.9678148878885261,0.9241795421790537,0.9031258365624725,0.8351136443257572,0.9028728268581887,0.8613267759115479,0.907309022519386,0.9066834682219422,0.9435046009415899,0.8579672143956285,0.8995729599715311,0.9638395666666666,0.9400053323334219,0.9178739278582616,0.9067650937843392,0.9778370655585199,0.9127552362414921,0.9255126345747896,0.9079222938614865,0.9819763672674543,0.9283692357210255,0.9616254333333334,0.9076451892252719,0.9820122654674842,0.922648728176582,0.9661872322062411,0.8521065379322788,0.8813895291786799,0.8007510699874821,0.9082900640310276,0.907466436165,0.87709688072521
179fece00014a,0.7862807267380354,0.7949714001977951,0.646959662612883,0.8707649301548498,0.8337523221663569,0.7413816474133647,0.7949126940116409,0.8951879614260648,0.0,0.8219340844732587,0.8114945937164861,0.8537964219305367,0.8574708167049282,0.9944102000931633,0.6216660432499067,0.8034927830422679,0.8443711948123731,0.804620416237331,0.8223293236894235,0.9965992999433217,0.9974371999145732,0.7102492956417369,0.821893499319525,0.7669768171550229,0.9976223000792566,0.8159510122699327,0.9964729,0.7444243248141439,0.792534080497728,0.8221199963133332,0.997442400042627,0.8270680884712057,0.7869016715868896,0.7527434498171033,0.845617387251015,0.8189358696844017,0.9975683000810565,0.8464827282160904,0.7967626429556414,0.7476328627761657,0.8489850559855749,0.827979937996656,0.6415511786149611,0.8106628554226669,0.7169992905666429,0.8280169781322011,0.7780144295980761,0.8449325847578654,0.8002170233080139,0.8279039437205256,0.7372069333333332,0.8434326562288434,0.8432904359451595,0.7355113818229133,0.8502176333333331,0.8632010757865947,0.7771593481893767,0.7991868500677622,0.8406360359893994,0.8101347031644213,0.8721076957369231,0.8787601919173458,0.7278176802757825,0.8051528796564746,0.85548970481701,0.8413337693111037,0.8683224065838792,0.8514116173353111,0.7157342379021014,0.8046115999999999,0.8966519896651991,0.8154187820484345,0.8810822079278524,0.8581793023636781,0.7534604620962791,0.803870513075299,0.8997408383462915,0.8154557635909291,0.8643043527949426,0.8834001961133395,0.8007478619924118,0.8534657138447342,0.8174281113195232,0.8812442432533278,0.6986868155033877,0.7999483533384981,0.6498312744810686,0.8230502197516012,0.8134506906725348,0.9490322008494637,0.7944466127779947,0.8642828469050486,0.9959209665986825,0.7963390700610151,0.823383542164156,0.9977256000379069,0.8525515519218219,0.7954251401524953,0.9977256000379064,0.8542208333333327,0.8336389444240702,0.9977255999241866,0.6557794494556396,0.6123834289369618,0.8068681979258364,0.6947004745583727,0.6891900718468319,0.9499549341674177,0.7769544889712181,0.7300291486686095,0.9957888000701869,0.7609874547160395,0.7334271866713591,0.7759274373454271,0.7455527581850918,0.9927844002405198,0.9977256000379067,0.7661091177406077,0.9949045000849251,0.7671704922390159,0.8454131793511754,0.8661090447707525,0.8047884057089855,0.8643534491587642,0.7314939069425805,0.7810382369826957,0.7393991057568006,0.8850209295006974,0.8482966151703384,0.8531020813564586,0.797578423212254,0.8961664017305598,0.9531293039058917,0.7694937153670853,0.7112945381450908,0.9034162349430624,0.9912282002923934,0.7878374580856298,0.6692499330750061,0.9429577342840377,0.9976585002731749,0.8447130181168143,0.7634939530421705,0.9465857315528579,0.9976944000384266,0.8478804025353265,0.7589391120530442,0.5766383965844788,0.77554821650799,0.5713423095324356,0.6284502569960133,0.780732521206715,0.7922741308787706
179fece00015a,0.7407766333656365,0.824019285535831,0.8608888904592613,0.7969380609185819,0.8078538717625586,0.5675873081031728,0.7913207084025251,0.8724778021253697,0.8219340844732587,0.0,0.7489098083696734,0.7560472528564283,0.7367463201706497,0.7835232180397316,0.8819015234917935,0.6378699209861783,0.6657865111404505,0.8138993546959131,0.8574059951854679,0.7857606107119699,0.8315367056154432,0.8227686962052173,0.7991927835351378,0.8753084353292766,0.8049349861731682,0.8800871493217134,0.9396988040200798,0.7695480743483979,0.872438217008238,0.8685862639965383,0.8266366144469489,0.8534785999999995,0.9417486627832442,0.7509714998704672,0.7942461078174454,0.8223096481408625,0.8587476141252386,0.8928979369034016,0.7727436553038497,0.7560599113890168,0.7475435880322229,0.7918257458492416,0.7864022213597778,0.8337726304750176,0.897125670095811,0.7448431006875871,0.7305809538838093,0.9196314480675679,0.7441497469058802,0.7437626495841768,0.9606912026205863,0.749290266666667,0.7551253870728848,0.9550774112306472,0.8633502091099863,0.8620486183935179,0.8792786160961846,0.8599058543474554,0.7620383864968013,0.933897738841855,0.9044528031849068,0.8826277999999997,0.8938885123796735,0.7650411313278496,0.764865123513488,0.9696562358619801,0.881547013819515,0.8534265935384575,0.8556586288682748,0.7522602165159857,0.7592585586419519,0.9212629784772199,0.9015204131306117,0.9466278044476835,0.9085273167699925,0.7640850314553294,0.7562536284370768,0.9275550036222502,0.8624894230934458,0.8622258379258055,0.8051879294864452,0.8744162616886761,0.8740798626478191,0.8989442451323784,0.567280528057096,0.6339474276754288,0.6039188376035334,0.7645779529880837,0.6946025717566243,0.7512009540665872,0.8249034941634499,0.7693478384420274,0.7858563107071846,0.8984311084640744,0.768816326971429,0.7874689177109238,0.8720739957357998,0.7690107230989283,0.7874689177109239,0.8746436750237551,0.7690107307985699,0.8832795038906831,0.9015413016409783,0.8289253800412947,0.7661821727212534,0.8616849643614162,0.7584386867967765,0.8564284786309602,0.8926176845637193,0.7642704666666666,0.7855239178730073,0.7185090046915167,0.7383375710277074,0.8028481126687737,0.7286673757110879,0.7848579215142083,0.876136610321949,0.7445906000000003,0.784857917928507,0.6886177770460741,0.8530281262831353,0.922675375584585,0.9484319804181387,0.5934586745325765,0.7487539877699694,0.9092508075624329,0.758327919028951,0.7054919431502691,0.7555676407387266,0.8782677536220409,0.9640194005996767,0.868634710947108,0.7726926340961052,0.8646957180405711,0.9246741062771582,0.8876647093612748,0.784738621526138,0.9288999130350166,0.9450141091643156,0.7713709190524238,0.7874484389677863,0.8232953323958562,0.9556691066496341,0.812753006241567,0.7874689177109239,0.7680177193318571,0.965487604026446,0.748514029614821,0.7909564978763647,0.8100205316632445,0.8549540607989735,0.8948379188200272,0.7931434046702234
179fece00016a,0.7851363113075217,0.76168053253633,0.8589268358309033,0.8013584997735832,0.7586021160931921,0.6052478460544176,0.8051486463234233,0.8401024146786149,0.8114945937164861,0.7489098083696734,0.0,0.7263254894728758,0.7607383894687044,0.9501796308423146,0.719544839234715,0.7778023037032946,0.7344111401077802,0.7565754925215191,0.7834690144353988,0.9524046293670522,0.9532560286589362,0.7622280079257328,0.674518771306143,0.5315323036034878,0.9542285318076177,0.6980035,0.9526174301744956,0.8347701834770181,0.6023839000000004,0.5615493438450657,0.95324773099572,0.6409068854542516,0.9064419146217163,0.8177581999999998,0.6909847872676809,0.5706274118647038,0.9534125317804175,0.6803454013678734,0.908105883152745,0.8577549071122541,0.7633746530521125,0.6862045267810557,0.7518989250632976,0.6273726852980321,0.7612869427953609,0.835042633333333,0.8007245799516944,0.8873498389658412,0.8600213736655978,0.8269689987271328,0.8984403265626882,0.8805064507341932,0.9053270285996848,0.8969130120268151,0.7033637802242518,0.635723833333333,0.8925863333333334,0.8364122027264634,0.7398989203282792,0.8583161262491399,0.5347591868092517,0.6065535808738107,0.8727800645463343,0.7659532,0.7797089259902978,0.7810411557187246,0.5164831252747187,0.6361577181921138,0.5807980946134604,0.7945964863064321,0.781734596955766,0.7551143040814284,0.5509090666666664,0.5312990098982838,0.5067256579970507,0.7149908999999998,0.7317124288618734,0.7521128126760678,0.8407990038235618,0.844590617792395,0.8327728482264818,0.8681674902757479,0.8391627928767339,0.8779482858894164,0.6560081089307662,0.8342567721914416,0.731045530890354,0.768483187353923,0.8131098781961519,0.9050418952520947,0.7798982966497162,0.90559570314681,0.9587247632270637,0.7239610195313841,0.8342510972375179,0.9604351980217596,0.7210768535128087,0.6736176891205892,0.9604324980216249,0.7068759137917278,0.7160563999999997,0.9604351960435196,0.8797972193096755,0.6048524345464421,0.6935608900568898,0.8702455138701602,0.7382893535811341,0.924486096224305,0.9029797032340101,0.672599323013243,0.9585295979264797,0.8584628834873361,0.6960306645369104,0.8404108159589184,0.7582239758223976,0.9530936984364566,0.9603935980196802,0.833719211162561,0.9576452978822649,0.7558090422475702,0.8300860890273039,0.8807305198658018,0.9110037785328292,0.7041068147946591,0.7733352855553929,0.7919475562640441,0.8529388789217598,0.6308691964202523,0.7442717085242764,0.8044481398517286,0.8949443877435115,0.4302766715138335,0.9425067009582214,0.7598679999999999,0.8567177928358896,0.3966263698313185,0.9577156985905234,0.6398761180061935,0.8648723711709205,0.4874006743700334,0.9604147019792652,0.6878234156088285,0.8895724685071253,0.5564187556418753,0.9604351980217597,0.6932062846603141,0.9058401650973361,0.7395622825070928,0.6000331712835019,0.8160994727966843,0.8033213988974035,0.7052072023659959,0.7485511762856496
179fece00022a,0.9225435674953653,0.8844647593234016,0.9050631511601666,0.886939872904378,0.9390149819129211,0.5834203916405492,0.8054461153051374,0.8084125794391614,0.8537964219305367,0.7560472528564283,0.7263254894728758,0.0,0.07252476666666667,0.6914910078011988,0.6913193563773119,0.6151540103025315,0.5840880013259994,0.8813107542359057,0.3488218961278593,0.7327480933918571,0.7054556912120257,0.6189373158969149,0.5646017972861274,0.5680165106611628,0.7422378053309956,0.39857494359459383,0.8164053214193788,0.581763134853072,0.6252191020431642,0.5829798848223655,0.7363912018145062,0.3993838300308084,0.7118088285301473,0.6326534673468639,0.5837958040510485,0.5313793624827513,0.7506938040625959,0.43745741354521545,0.657527933333333,0.6813929743416393,0.571780180858618,0.4931157746557888,0.7919271312109302,0.5962192608821726,0.717303123558073,0.647445331301689,0.6881532112950303,0.8449205028518827,0.6469840490370549,0.5954473265907885,0.7528148621715994,0.6515615840885871,0.6497108133718911,0.6533465706626953,0.629864409849152,0.6556839297912794,0.6337997004700546,0.6951101609779675,0.6970767737230968,0.6583039455594738,0.7239086896742758,0.698233815088309,0.6101313983114334,0.6529644969565086,0.7318015402297687,0.7296219360504086,0.7015016497497245,0.6440594163861358,0.633022225077777,0.645613041345145,0.7257854045702431,0.6257202081892914,0.6770600258723283,0.7145201047306525,0.6666088111246105,0.652717497001792,0.7153085474485752,0.6579880675345263,0.9311981648479504,0.8157961486836541,0.8789172042107805,0.9229727154547643,0.8847533458234919,0.9507285970278548,0.7709589478538595,0.6924290333070421,0.751728788794976,0.5008222746573856,0.6917663205489116,0.7934337275421693,0.4393086426781894,0.7322911580035821,0.823930817606918,0.568843457487539,0.7287099452150091,0.8255096232653834,0.5082425081959581,0.738730239190464,0.8255081232655833,0.48593955997371785,0.7479270462133748,0.8638940113421658,0.7969381802041214,0.7751357516757166,0.8172896211526413,0.7233591092213625,0.6506908799078825,0.8412042878394281,0.732504624623998,0.7073369479664856,0.82468562337525,0.5802281946514534,0.6508953899403072,0.6540807646771163,0.6326196639483613,0.824846426273036,0.8567511190998505,0.6178508191074588,0.82481852335753,0.8838615430115377,0.9312326624918862,0.8834617173659719,0.8477922148657986,0.667095077677815,0.8098690840349108,0.7570803990559464,0.6544801588052909,0.5975226002064498,0.7514650871825644,0.7553247863462961,0.7648565156762319,0.6404492146067713,0.8079831384033722,0.6101117714795081,0.7408649345513421,0.7330416355944482,0.8215377267693407,0.6258994539567938,0.7256345927791711,0.6633063448924872,0.8254737407227938,0.5573137032934691,0.8135584372883122,0.7393658217195147,0.8255096232653832,0.5507730932302539,0.8417083263819451,0.8232920976565118,0.6728923311609888,0.6696096715845707,0.7951222382984239,0.880860951652846,0.7874006455339894
179fece000232a,0.9297281215297355,0.8921805445348356,0.9070913621855201,0.8940840754929936,0.9462783991046394,0.5916979469434016,0.7771401962856694,0.7783669556733913,0.8574708167049282,0.7367463201706497,0.7607383894687044,0.07252476666666667,0.0,0.6277106503614203,0.6954999086499725,0.591314106087607,0.5631701865812007,0.8938546047476615,0.40752892345881536,0.6776467462744576,0.6597872042943205,0.6239225145294591,0.5632042812265241,0.5758490949433935,0.687136463499254,0.46059328838277425,0.7885264682789699,0.5579378856219456,0.6263403021950252,0.5906025734899569,0.6911797254906298,0.44103137889013194,0.7241925551878908,0.619643734970311,0.5943679265727984,0.5390065385342049,0.7228814343361673,0.49573420755127134,0.6454486721196457,0.6553297218443243,0.5450769666666666,0.4850474702650324,0.7845749082004061,0.5972774865759161,0.6971750778154309,0.653916537826378,0.664842294414038,0.8495249283174976,0.6208659540288652,0.5836383820308748,0.7691077320328262,0.6411550889169362,0.6387825518376733,0.6737379775420674,0.6461786469267969,0.6728791394065949,0.6535188377932362,0.7128838141922541,0.6717218228962432,0.6739986565331539,0.7064334461794651,0.7141883047407994,0.6290202295686895,0.642585536882128,0.7052323322771052,0.7473016663068891,0.6839449017278235,0.660247388674913,0.6529429608823825,0.6360439120732532,0.7003798917616395,0.6409505093967005,0.6710681059223419,0.7304745973966128,0.6852790561759685,0.642351236862603,0.6896789356345601,0.6770786795131132,0.9287580053589505,0.832730302667222,0.8821400872576352,0.9305114159764174,0.8873485259992925,0.9537134785810276,0.7747386525609813,0.7170450525189193,0.7619962046753666,0.506391274041309,0.6633857993438262,0.76667790222372,0.4634401325266999,0.7040123185339491,0.7921642986940497,0.5766722768896372,0.7015952034928534,0.7927835057044675,0.5297482157703871,0.717052600322803,0.7927835057044675,0.5235764618698028,0.7262494105207838,0.858456874050427,0.8043637942060922,0.7794123931374646,0.8224381074793695,0.7515449086938117,0.6290870838782775,0.8358121781082902,0.7538816210274145,0.6821216644596942,0.7924710056628004,0.5729955145991029,0.6256282917923254,0.6686858055219033,0.6141426625928215,0.7926318091403776,0.8513139801751973,0.6105956156290498,0.7926039056805206,0.8921541135615875,0.9348792221060385,0.8858263946837017,0.8496719075164041,0.6728261224275374,0.8127784666666663,0.7582023677603156,0.6277874999999996,0.6249707979113129,0.7195793526456341,0.7829871558160243,0.7471861494372297,0.6720298562706474,0.7756904517126967,0.6385198032099834,0.7427112990281731,0.7678524690469954,0.7889263420414063,0.6704061556802049,0.7330651533199242,0.6968666595822213,0.7927476264249206,0.5910372197012403,0.8193087212872479,0.7729261583697957,0.7927835057044672,0.5657080087610677,0.842166217549955,0.8312512117900541,0.7043223048388396,0.6578906828945339,0.7983581317935758,0.8861034748242042,0.7920876391836357
